10.0
10.883138656616211
10.811290740966797
11.367408752441406
11.123664855957031
9.166189193725586
6.387641429901123
3.1549746990203857
1.1520029306411743
1.8703147172927856
2.46885085105896
2.080547571182251
1.703743815422058
1.9815888404846191
2.0826573371887207
1.9145694971084595
1.9140920639038086
2.0299034118652344
1.9932539463043213
1.9462679624557495
2.0223138332366943
1.9622968435287476
2.002048969268799
2.00277042388916
1.9726543426513672
1.9999918937683105
1.9476871490478516
1.9772886037826538
1.9637619256973267
1.9849889278411865
1.99711275100708
1.951479196548462
2.0091958045959473
1.9428623914718628
1.987852692604065
1.9933165311813354
1.9696017503738403
2.0149009227752686
1.9479520320892334
1.9833872318267822
1.969922423362732
1.9590764045715332
1.988353967666626
1.9858298301696777
1.962056279182434
1.956414818763733
2.012141704559326
1.9559403657913208
1.9833132028579712
1.9949476718902588
1.957489013671875
1.9426387548446655
1.9385781288146973
1.9874948263168335
1.984918475151062
1.91607666015625
2.000408172607422
1.9318407773971558
2.016065835952759
1.9446601867675781
1.9697608947753906
1.9637775421142578
1.9563509225845337
1.9632956981658936
1.9850982427597046
1.9984021186828613
1.9693371057510376
1.9777741432189941
1.927422285079956
1.9517958164215088
1.9471087455749512
1.987195372581482
1.904532551765442
2.0255603790283203
1.9218802452087402
2.0200254917144775
1.8961676359176636
1.9764035940170288
1.8821848630905151
2.033045530319214
1.9272993803024292
1.9671630859375
1.9315803050994873
2.000694513320923
1.9442832469940186
2.0587148666381836
1.8849273920059204
2.0239436626434326
1.9554390907287598
1.9429759979248047
1.945798397064209
1.947981595993042
1.95853853225708
1.9887332916259766
1.9601550102233887
1.9426926374435425
1.933348298072815
1.8975746631622314
1.989431381225586
1.9236929416656494
2.022960662841797
1.925310492515564
2.0264739990234375
1.8975496292114258
2.091463804244995
1.8062655925750732
2.0207161903381348
1.908015251159668
2.0227460861206055
1.9491623640060425
1.9218144416809082
2.0468814373016357
1.8513764142990112
1.8944652080535889
2.0411229133605957
1.962878704071045
1.9060251712799072
1.9869959354400635
1.9446302652359009
2.014638900756836
1.955670952796936
1.935690999031067
1.977125883102417
1.9653880596160889
1.9949430227279663
1.9315563440322876
1.9102953672409058
2.00531268119812
1.933857798576355
1.954463005065918
2.0451064109802246
1.9112375974655151
1.9494141340255737
1.9854042530059814
1.910029649734497
2.0409321784973145
1.8719154596328735
2.0381381511688232
1.955891489982605
1.941808819770813
1.9268555641174316
1.9776525497436523
1.9154373407363892
1.9680601358413696
1.9205238819122314
2.0118494033813477
1.9720485210418701
1.919792652130127
1.9444003105163574
1.8601725101470947
1.9649643898010254
1.9431301355361938
1.913143277168274
1.9588838815689087
2.011585235595703
1.8612301349639893
2.0522196292877197
1.9159164428710938
1.8733363151550293
1.9906198978424072
1.964215874671936
1.9084705114364624
1.9991066455841064
1.921258807182312
1.9827378988265991
1.9502058029174805
1.9268269538879395
1.9451812505722046
2.031359910964966
1.9160869121551514
1.9715811014175415
1.9005390405654907
2.0318222045898438
1.9227110147476196
1.8622063398361206
1.9470865726470947
1.9935088157653809
1.8738652467727661
1.9569216966629028
2.014606475830078
1.829634428024292
2.028972625732422
1.9854604005813599
1.9210467338562012
1.9782772064208984
1.8406708240509033
1.9457736015319824
2.008301019668579
1.8852870464324951
1.9740980863571167
1.9642419815063477
1.8956122398376465
2.0552849769592285
1.921461820602417
1.8993562459945679
2.0457687377929688
2.001788377761841
1.8411691188812256
1.9296218156814575
2.0107100009918213
2.0044150352478027
1.8292760848999023
1.901946783065796
1.9665740728378296
1.970373511314392
2.0294084548950195
1.9342256784439087
1.9076528549194336
1.9995427131652832
1.9188458919525146
1.9011967182159424
1.9611010551452637
1.9718302488327026
1.9029117822647095
1.8832248449325562
2.0244619846343994
1.9462437629699707
1.8342366218566895
1.982743263244629
1.936954379081726
1.8164455890655518
1.9715486764907837
2.008183479309082
2.0865750312805176
1.8654600381851196
1.891606330871582
2.0076699256896973
1.9730538129806519
1.9594976902008057
1.9600709676742554
1.9777050018310547
2.0081770420074463
1.86573326587677
1.9153283834457397
1.9416347742080688
1.9454032182693481
1.9974108934402466
1.9622691869735718
1.8986389636993408
2.0405824184417725
2.0202038288116455
2.1066207885742188
1.8146421909332275
1.786864995956421
1.983561635017395
2.08454966545105
2.018674373626709
2.0611867904663086
1.8682135343551636
1.9041029214859009
1.94634211063385
1.9218813180923462
1.9458701610565186
1.9961243867874146
1.9565167427062988
1.9814238548278809
1.9858484268188477
1.896125078201294
1.9308619499206543
1.959110975265503
1.9641956090927124
2.0353870391845703
1.8993967771530151
1.873844027519226
1.8655409812927246
1.952591061592102
2.0183544158935547
1.9115978479385376
1.9106106758117676
1.8574298620224
1.8696187734603882
1.9883830547332764
1.9576719999313354
1.8857028484344482
1.9701135158538818
1.9112297296524048
1.975255012512207
2.0097100734710693
1.9502594470977783
1.9445055723190308
1.9177285432815552
2.0209856033325195
1.9717988967895508
1.8388413190841675
1.9230875968933105
1.996072769165039
1.9468295574188232
2.0076701641082764
1.980096697807312
1.9678337574005127
1.98954176902771
1.8407232761383057
1.8942934274673462
1.9869537353515625
1.8708418607711792
1.9889572858810425
1.9383305311203003
1.9244153499603271
1.9105839729309082
1.9351651668548584
1.9510200023651123
1.944049596786499
1.9476597309112549
1.9363813400268555
1.9217432737350464
1.9423149824142456
1.9664796590805054
1.9422886371612549
1.9142732620239258
1.9413673877716064
1.9316973686218262
1.9336122274398804
1.9326281547546387
1.9374027252197266
1.9249143600463867
1.9296077489852905
1.9175670146942139
1.930016279220581
1.9439886808395386
1.926988959312439
1.9184694290161133
1.9402670860290527
1.935268521308899
1.9276663064956665
1.9640154838562012
1.937225341796875
1.940415620803833
1.9327431917190552
1.9421658515930176
1.9599528312683105
1.943637490272522
1.9353721141815186
1.9119600057601929
1.9404417276382446
1.9484169483184814
1.9116193056106567
1.9353119134902954
1.9394464492797852
1.9386848211288452
1.9448022842407227
1.9281147718429565
1.938683032989502
1.9419200420379639
1.9244353771209717
1.9430023431777954
1.9404960870742798
1.9179084300994873
1.9231623411178589
1.9415277242660522
1.9509762525558472
1.9155267477035522
1.9151091575622559
1.9534157514572144
1.9261398315429688
1.9353891611099243
1.9307644367218018
1.9369176626205444
1.9544397592544556
1.9346582889556885
1.934156894683838
1.9402929544448853
1.9431239366531372
1.9454063177108765
1.9360735416412354
1.940429449081421
1.9506371021270752
1.9306457042694092
1.9255844354629517
1.9511131048202515
1.9342621564865112
1.9460300207138062
1.9325780868530273
1.9136369228363037
1.9461621046066284
1.934638261795044
1.94503653049469
1.9380238056182861
1.9373090267181396
1.9360193014144897
1.9331766366958618
1.958587884902954
1.9447810649871826
1.9328176975250244
1.936461329460144
1.9406219720840454
1.9374791383743286
1.9382941722869873
1.9418094158172607
1.9503450393676758
1.9245487451553345
1.960465669631958
1.93436861038208
1.9242403507232666
1.9445335865020752
1.9449055194854736
1.9443187713623047
1.9309457540512085
1.9457377195358276
1.9424558877944946
1.9321285486221313
1.9657138586044312
1.9467570781707764
1.9226436614990234
1.9519739151000977
1.9496546983718872
1.9084563255310059
1.9561322927474976
1.9508823156356812
1.9477918148040771
1.9672313928604126
1.909754753112793
1.9239490032196045
1.9436978101730347
1.9490361213684082
1.9257574081420898
1.9370355606079102
1.9555212259292603
1.935327172279358
1.931876540184021
1.9426720142364502
1.9365439414978027
1.9603251218795776
1.9183063507080078
1.9421671628952026
1.9290460348129272
1.9226131439208984
1.9355701208114624
1.9368752241134644
1.9300633668899536
1.9449183940887451
1.9405542612075806
1.9389822483062744
1.9403570890426636
1.9325350522994995
1.950783610343933
1.9353938102722168
1.925837516784668
1.9495004415512085
1.9473785161972046
1.9109467267990112
1.9509968757629395
1.9211596250534058
1.9312444925308228
1.9689704179763794
1.9655588865280151
1.9001432657241821
1.9493768215179443
1.9483792781829834
1.9591516256332397
1.9475520849227905
1.9320396184921265
1.9403023719787598
1.9387425184249878
1.9167907238006592
1.9366796016693115
1.9730366468429565
1.9511103630065918
1.9469152688980103
1.9233150482177734
1.9395346641540527
1.935610055923462
1.9365898370742798
1.9236791133880615
1.9480111598968506
1.920872688293457
1.9343239068984985
1.9529536962509155
1.9180089235305786
1.958625078201294
1.9370832443237305
1.9348838329315186
1.9529379606246948
1.9065903425216675
1.9370429515838623
1.9570956230163574
1.9251912832260132
1.9464720487594604
1.9446266889572144
1.9243243932724
1.9479684829711914
1.9380115270614624
1.9368005990982056
1.9544035196304321
1.9451885223388672
1.91313898563385
1.9224536418914795
1.952231764793396
1.9605251550674438
1.914149522781372
1.9497301578521729
1.9370688199996948
1.9379194974899292
1.9323867559432983
1.9726670980453491
1.912452220916748
1.9295765161514282
1.9292372465133667
1.9274609088897705
1.9382753372192383
1.9302606582641602
1.9400449991226196
1.9182716608047485
1.9466724395751953
1.9298619031906128
1.9296185970306396
1.9173799753189087
1.9355719089508057
1.9567859172821045
1.9187018871307373
1.9181793928146362
1.9143563508987427
1.9518166780471802
1.9241188764572144
1.9342092275619507
1.9731523990631104
1.9259448051452637
1.9336715936660767
1.9342148303985596
1.9524742364883423
1.9320534467697144
1.948811411857605
1.9368815422058105
1.9386835098266602
1.9126384258270264
1.9422203302383423
1.9270883798599243
1.9402337074279785
1.9568301439285278
1.9484840631484985
1.9430763721466064
1.9245952367782593
1.960839867591858
1.9395475387573242
1.9264841079711914
1.965320348739624
1.9178260564804077
1.952223777770996
1.9609909057617188
1.918778896331787
1.9554755687713623
1.9358065128326416
1.9365369081497192
1.9240782260894775
1.9419916868209839
1.9449714422225952
1.941154956817627
1.9519463777542114
1.9165312051773071
1.9532901048660278
1.9368929862976074
1.9705582857131958
1.9224175214767456
1.9196977615356445
1.9604718685150146
1.9245803356170654
1.9232780933380127
1.9339295625686646
1.9382368326187134
1.947141408920288
1.9669100046157837
1.9261629581451416
1.9331281185150146
1.9385170936584473
1.9468151330947876
1.9291988611221313
1.9521281719207764
1.9268622398376465
1.9404815435409546
1.9670153856277466
1.964854121208191
1.9204152822494507
1.9586138725280762
1.9402573108673096
1.9456597566604614
1.9465997219085693
1.9317669868469238
1.9625416994094849
1.8967825174331665
1.9697924852371216
1.9091465473175049
1.965863823890686
1.918083906173706
1.919693946838379
1.9829720258712769
1.916100263595581
1.9753625392913818
1.948514699935913
1.9251790046691895
1.9362766742706299
1.9351513385772705
1.9337502717971802
1.9493764638900757
1.9597631692886353
1.9289549589157104
1.9219470024108887
1.943071961402893
1.9126713275909424
1.9754483699798584
1.9410088062286377
1.932682991027832
1.9444177150726318
1.9436044692993164
1.9428259134292603
1.938920497894287
1.9367632865905762
1.9292786121368408
1.9299964904785156
1.938557744026184
1.943647027015686
1.9452271461486816
1.9427233934402466
1.9400690793991089
1.9349701404571533
1.9335392713546753
1.9376140832901
1.9419039487838745
1.944256067276001
1.9440772533416748
1.9422134160995483
1.9362874031066895
1.9376015663146973
1.9373018741607666
1.9429078102111816
1.9401813745498657
1.9424983263015747
1.9413070678710938
1.940751314163208
1.9410102367401123
1.9375677108764648
1.9339590072631836
1.9308708906173706
1.9331367015838623
1.9352775812149048
1.9353734254837036
1.9324405193328857
1.930680513381958
1.9319188594818115
1.9381999969482422
1.9416725635528564
1.9419041872024536
1.946317434310913
1.9453816413879395
1.93840491771698
1.940054178237915
1.9449518918991089
1.943216323852539
1.9379788637161255
1.9355194568634033
1.931052327156067
1.9315098524093628
1.9358619451522827
1.9419560432434082
1.9421813488006592
1.9448124170303345
1.945033073425293
1.9476078748703003
1.9447115659713745
1.9404524564743042
1.9364473819732666
1.9362201690673828
1.9426950216293335
1.9406594038009644
1.9429219961166382
1.943703055381775
1.9413541555404663
1.9402376413345337
1.9415830373764038
1.9386948347091675
1.9381356239318848
1.9423809051513672
1.9489696025848389
1.9373029470443726
1.9298499822616577
1.9332934617996216
1.9418917894363403
1.949884057044983
1.9499940872192383
1.9416488409042358
1.9431005716323853
1.9496641159057617
1.9397799968719482
1.9346786737442017
1.9407676458358765
1.940675973892212
1.93706214427948
1.936537504196167
1.9369243383407593
1.9380934238433838
1.9391613006591797
1.9367183446884155
1.937319278717041
1.9314268827438354
1.932845115661621
1.9370410442352295
1.9432979822158813
1.944780707359314
1.9379570484161377
1.9368220567703247
1.9367319345474243
1.9366865158081055
1.9396874904632568
1.9458976984024048
1.9438751935958862
1.9403294324874878
1.939337968826294
1.9376364946365356
1.9401878118515015
1.9416643381118774
1.9429875612258911
1.9427496194839478
1.9411988258361816
1.9368939399719238
1.9356257915496826
1.9375282526016235
1.937143087387085
1.9407848119735718
1.9421706199645996
1.9429093599319458
1.9408481121063232
1.948164939880371
1.9460433721542358
1.9415879249572754
1.9379581212997437
1.9339548349380493
1.9307833909988403
1.9418354034423828
1.9444135427474976
1.944997787475586
1.9451152086257935
1.9471983909606934
1.9432718753814697
1.9426368474960327
1.937084436416626
1.9323753118515015
1.9351580142974854
1.9436559677124023
1.9464929103851318
1.9412131309509277
1.9428398609161377
1.9477940797805786
1.9492255449295044
1.9476659297943115
1.9378842115402222
1.9341939687728882
1.9350146055221558
1.939134120941162
1.9376814365386963
1.9373559951782227
1.9425915479660034
1.9486433267593384
1.9423091411590576
1.942453384399414
1.9459961652755737
1.9527381658554077
1.9482264518737793
1.9374613761901855
1.9323067665100098
1.9292770624160767
1.9312742948532104
1.940390944480896
1.9463927745819092
1.9484550952911377
1.947957992553711
1.941284418106079
1.9334464073181152
1.9357495307922363
1.9438145160675049
1.9445245265960693
1.9364477396011353
1.9347988367080688
1.9368778467178345
1.9394108057022095
1.9419852495193481
1.946394443511963
1.9451055526733398
1.947635531425476
1.9392058849334717
1.9343018531799316
1.9414807558059692
1.9386334419250488
1.9373698234558105
1.9364980459213257
1.9421665668487549
1.9455595016479492
1.94253408908844
1.9437919855117798
1.944697618484497
1.9412946701049805
1.9390780925750732
1.9363477230072021
1.941664695739746
1.939320683479309
1.939437747001648
1.9437795877456665
1.9434937238693237
1.9447369575500488
1.9394227266311646
1.9385783672332764
1.9411125183105469
1.9371590614318848
1.9365383386611938
1.9380003213882446
1.9359322786331177
1.933188557624817
1.9334334135055542
1.9332021474838257
1.929610252380371
1.9335830211639404
1.9430447816848755
1.9405978918075562
1.941688060760498
1.9375579357147217
1.932386040687561
1.945204257965088
1.9420521259307861
1.9387105703353882
1.9375354051589966
1.9389543533325195
1.9432567358016968
1.93830144405365
1.936812400817871
1.9286532402038574
1.929021954536438
1.935239315032959
1.9400089979171753
1.9442955255508423
1.942488193511963
1.9450898170471191
1.9467296600341797
1.942642331123352
1.9357352256774902
1.9369909763336182
1.9380371570587158
1.9320608377456665
1.9331464767456055
1.9364482164382935
1.9349591732025146
1.9404776096343994
1.9446890354156494
1.9446897506713867
1.9389543533325195
1.9386019706726074
1.9381041526794434
1.9382907152175903
1.9410781860351562
1.9389814138412476
1.9377882480621338
1.939366102218628
1.9307817220687866
1.929229497909546
1.9347732067108154
1.9446698427200317
1.9483317136764526
1.9426814317703247
1.935225486755371
1.9396610260009766
1.9396294355392456
1.9355162382125854
1.9388781785964966
1.932324767112732
1.930531620979309
1.9366989135742188
1.938641905784607
1.9385653734207153
1.9352232217788696
1.9262984991073608
1.9243131875991821
1.9342941045761108
1.940500259399414
1.940237045288086
1.951271653175354
1.9412052631378174
1.9371854066848755
1.9375524520874023
1.9368247985839844
1.9424829483032227
1.9456751346588135
1.9406274557113647
1.9362425804138184
1.9400770664215088
1.9335540533065796
1.9342318773269653
1.9443111419677734
1.9492576122283936
1.938494324684143
1.9399549961090088
1.9420909881591797
1.9382461309432983
1.9333205223083496
1.9422968626022339
1.940301775932312
1.9375876188278198
1.9322166442871094
1.9370219707489014
1.9386982917785645
1.94118332862854
1.9373447895050049
1.9321467876434326
1.9299211502075195
1.9340702295303345
1.9387028217315674
1.938250184059143
1.935135841369629
1.9374204874038696
1.9376229047775269
1.9374715089797974
1.934648036956787
1.9363563060760498
1.9367607831954956
1.9370297193527222
1.9335962533950806
1.9359525442123413
1.9421236515045166
1.9423991441726685
1.942675232887268
1.9437103271484375
1.9448459148406982
1.9348924160003662
1.9304989576339722
1.9277311563491821
1.9291774034500122
1.935128092765808
1.9401872158050537
1.9412827491760254
1.9416522979736328
1.9443424940109253
1.9389455318450928
1.9406160116195679
1.938572645187378
1.94315767288208
1.9426970481872559
1.941771388053894
1.9401055574417114
1.9353913068771362
1.9332780838012695
1.9380229711532593
1.9395709037780762
1.941238522529602
1.9395849704742432
1.933430790901184
1.93435800075531
1.9391300678253174
1.9440948963165283
1.9433914422988892
1.9401500225067139
1.9354958534240723
1.9381290674209595
1.9399019479751587
1.9379838705062866
1.9341281652450562
1.937994360923767
1.9414416551589966
1.9386065006256104
1.9371100664138794
1.9365267753601074
1.9375839233398438
1.9379465579986572
1.9349809885025024
1.93169367313385
1.9320995807647705
1.9357208013534546
1.9362272024154663
1.935324788093567
1.9387556314468384
1.9443110227584839
1.9437048435211182
1.9424865245819092
1.9406120777130127
1.940279245376587
1.9385195970535278
1.9362281560897827
1.936192512512207
1.9381046295166016
1.940109133720398
1.9388668537139893
1.9353127479553223
1.9351942539215088
1.9349271059036255
1.9367414712905884
1.9410983324050903
1.939130187034607
1.9362629652023315
1.9357237815856934
1.9353864192962646
1.936416506767273
1.929232120513916
1.9289220571517944
1.9338937997817993
1.9373886585235596
1.937545895576477
1.934024453163147
1.9338711500167847
1.9331525564193726
1.9380494356155396
1.9424980878829956
1.9417811632156372
1.9361138343811035
1.936232566833496
1.9398537874221802
1.9417412281036377
1.949468731880188
1.9480100870132446
1.9407557249069214
1.9379507303237915
1.939102292060852
1.9381232261657715
1.9358631372451782
1.941245436668396
1.9365407228469849
1.9390232563018799
1.939642310142517
1.9367715120315552
1.9372835159301758
1.938317894935608
1.9381017684936523
1.9370030164718628
1.9406886100769043
1.9394546747207642
1.9360562562942505
1.9375005960464478
1.9332269430160522
1.9297139644622803
1.937253475189209
1.9440932273864746
1.9474766254425049
1.9478721618652344
1.9474622011184692
1.9437813758850098
1.9394659996032715
1.9349230527877808
1.9359251260757446
1.936574935913086
1.9417924880981445
1.939868688583374
1.9395054578781128
1.9406768083572388
1.9396611452102661
1.938582420349121
1.9357736110687256
1.939311146736145
1.9390628337860107
1.9392204284667969
1.9413256645202637
1.9380978345870972
1.9357279539108276
1.9442427158355713
1.9420586824417114
1.938248634338379
1.9353586435317993
1.939502239227295
1.9426933526992798
1.9456523656845093
1.9447031021118164
1.9456781148910522
1.9467029571533203
1.9459140300750732
1.9427199363708496
1.93585205078125
1.9413236379623413
1.947002649307251
1.9500203132629395
1.9478639364242554
1.9402451515197754
1.9390088319778442
1.9378896951675415
1.9363116025924683
1.9395893812179565
1.9458404779434204
1.943166971206665
1.9408053159713745
1.9380085468292236
1.941260814666748
1.936704397201538
1.931836724281311
1.934099793434143
1.9383331537246704
1.9405591487884521
1.93788743019104
1.9353286027908325
1.9337117671966553
1.9364246129989624
1.9389452934265137
1.9396098852157593
1.9433432817459106
1.9413020610809326
1.9395833015441895
1.9384193420410156
1.9393941164016724
1.9431530237197876
1.944540023803711
1.9422959089279175
1.9410892724990845
1.9408087730407715
1.9381129741668701
1.9359102249145508
1.938740849494934
1.941390872001648
1.9405285120010376
1.945076823234558
1.949373483657837
1.9453270435333252
1.941591739654541
1.941145658493042
1.9371838569641113
1.9425601959228516
1.9406940937042236
1.9363940954208374
1.9361040592193604
1.939095377922058
1.9369996786117554
1.9352977275848389
1.9386125802993774
1.9378926753997803
1.9366124868392944
1.9392342567443848
1.9463599920272827
1.9467365741729736
1.9410322904586792
1.936017394065857
1.9379545450210571
1.941116213798523
1.9443961381912231
1.9417866468429565
1.9428322315216064
1.9395216703414917
1.9394176006317139
1.9365315437316895
1.937849521636963
1.9397826194763184
1.9432857036590576
1.9395911693572998
1.9385998249053955
1.9358396530151367
1.9388957023620605
1.9448795318603516
1.9500967264175415
1.9493879079818726
1.943699836730957
1.9399583339691162
1.9368126392364502
1.9418267011642456
1.9472616910934448
1.9441304206848145
1.9438644647598267
1.9381909370422363
1.939217209815979
1.9440900087356567
1.9513907432556152
1.9456803798675537
1.943589448928833
1.944122552871704
1.9423352479934692
1.9393882751464844
1.9415521621704102
1.9423319101333618
1.940841555595398
1.9430011510849
1.9459314346313477
1.9399510622024536
1.9329769611358643
1.9293408393859863
1.9293577671051025
1.9365787506103516
1.9453684091567993
1.9479275941848755
1.9479769468307495
1.9439572095870972
1.9398307800292969
1.9431871175765991
1.944008469581604
1.9458173513412476
1.9430266618728638
1.9454177618026733
1.9386368989944458
1.9333624839782715
1.9395946264266968
1.9465365409851074
1.9473650455474854
1.9474101066589355
1.9498889446258545
1.947729468345642
1.9407528638839722
1.9329421520233154
1.9306811094284058
1.937806248664856
1.939635157585144
1.9417972564697266
1.938849687576294
1.935778021812439
1.93483304977417
1.9370874166488647
1.9350991249084473
1.9323605298995972
1.9318346977233887
1.9358989000320435
1.9417058229446411
1.942814588546753
1.9381457567214966
1.930335521697998
1.9308526515960693
1.9380077123641968
1.9409579038619995
1.9390835762023926
1.9414252042770386
1.9408442974090576
1.9400030374526978
1.9369882345199585
1.938249945640564
1.9393322467803955
1.9450637102127075
1.9422651529312134
1.941947340965271
1.9391798973083496
1.933003306388855
1.9382466077804565
1.9377366304397583
1.940050721168518
1.9389066696166992
1.934287428855896
1.9327207803726196
1.934024453163147
1.9368655681610107
1.9356805086135864
1.9452508687973022
1.9429875612258911
1.934700608253479
1.9357746839523315
1.9421937465667725
1.9402660131454468
1.94054114818573
1.9426621198654175
1.9382356405258179
1.9359502792358398
1.9386346340179443
1.942218542098999
1.9450856447219849
1.949522614479065
1.9462705850601196
1.9411287307739258
1.9380079507827759
1.942793369293213
1.9429069757461548
1.9376624822616577
1.926354169845581
1.9276140928268433
1.9301187992095947
1.9420403242111206
1.9464061260223389
1.9470492601394653
1.940956473350525
1.9357988834381104
1.9334900379180908
1.929589033126831
1.9307340383529663
1.9315605163574219
1.931789755821228
1.9285553693771362
1.927685260772705
1.937654733657837
1.943385362625122
1.9441369771957397
1.9361194372177124
1.9375485181808472
1.940045952796936
1.9385541677474976
1.9406858682632446
1.938780665397644
1.935920238494873
1.933822512626648
1.9371908903121948
1.9390897750854492
1.9374691247940063
1.9328480958938599
1.9318445920944214
1.9280331134796143
1.9352480173110962
1.9451091289520264
1.9454865455627441
1.9428588151931763
1.940247893333435
1.9401450157165527
1.9373594522476196
1.9425806999206543
1.944858431816101
1.9368818998336792
1.9307007789611816
1.9307295083999634
1.9342637062072754
1.9398317337036133
1.9461171627044678
1.9398365020751953
1.9379063844680786
1.9407402276992798
1.9390925168991089
1.9411778450012207
1.9406516551971436
1.9399131536483765
1.940625548362732
1.9488016366958618
1.9526255130767822
1.949377179145813
1.940079689025879
1.939729928970337
1.9379624128341675
1.9363573789596558
1.935808539390564
1.9395712614059448
1.9375909566879272
1.9358530044555664
1.9371106624603271
1.9397127628326416
1.9406955242156982
1.9420429468154907
1.938997745513916
1.9400217533111572
1.94334876537323
1.9437731504440308
1.9438930749893188
1.9560493230819702
1.9537112712860107
1.9462193250656128
1.9358049631118774
1.9323453903198242
1.9316916465759277
1.9268426895141602
1.9285345077514648
1.9335527420043945
1.940366268157959
1.9427576065063477
1.9422922134399414
1.9376713037490845
1.933807373046875
1.9334408044815063
1.9390857219696045
1.9429396390914917
1.9460581541061401
1.9454050064086914
1.9376753568649292
1.9311178922653198
1.9362657070159912
1.9379738569259644
1.9374585151672363
1.9362738132476807
1.940664529800415
1.9456232786178589
1.942585825920105
1.9386942386627197
1.9364371299743652
1.9346251487731934
1.930324912071228
1.931088924407959
1.9390791654586792
1.9373010396957397
1.9332451820373535
1.9327287673950195
1.9321913719177246
1.9294373989105225
1.9337178468704224
1.9405111074447632
1.933419108390808
1.9316256046295166
1.9348978996276855
1.9314481019973755
1.9295697212219238
1.9340131282806396
1.934462070465088
1.9315731525421143
1.9307143688201904
1.9274040460586548
1.9303061962127686
1.9370344877243042
1.9384242296218872
1.9352813959121704
1.9308412075042725
1.9302667379379272
1.9279968738555908
1.932796835899353
1.9359370470046997
1.9321842193603516
1.9292070865631104
1.9297925233840942
1.9326201677322388
1.931782841682434
1.9324755668640137
1.930935025215149
1.9349172115325928
1.931342363357544
1.9325402975082397
1.929360270500183
1.9302363395690918
1.9331539869308472
1.9340035915374756
1.93447744846344
1.935434341430664
1.9365828037261963
1.9320770502090454
1.9321906566619873
1.9364458322525024
1.9337363243103027
1.9417695999145508
1.9377596378326416
1.9289288520812988
1.9268338680267334
1.929172158241272
1.9369874000549316
1.9359626770019531
1.9348200559616089
1.9341909885406494
1.935254454612732
1.934442162513733
1.937172293663025
1.9298301935195923
1.9286305904388428
1.931723713874817
1.9360222816467285
1.9321075677871704
1.9324101209640503
1.9318530559539795
1.930411696434021
1.93178391456604
1.934497594833374
1.9380449056625366
1.9369823932647705
1.9340933561325073
1.929350733757019
1.9261373281478882
1.9297335147857666
1.9361568689346313
1.9369062185287476
1.9342496395111084
1.9323699474334717
1.9301332235336304
1.9282218217849731
1.931583285331726
1.938025951385498
1.9379531145095825
1.9392880201339722
1.937071681022644
1.9303128719329834
1.9255542755126953
1.927774429321289
1.933910608291626
1.934815526008606
1.936713457107544
1.9373142719268799
1.9409416913986206
1.9369113445281982
1.9358713626861572
1.9383543729782104
1.9419896602630615
1.941373348236084
1.9405293464660645
1.9395962953567505
1.9374324083328247
1.9338613748550415
1.938033938407898
1.935617446899414
1.9296908378601074
1.9267162084579468
1.9341334104537964
1.940287709236145
1.9422104358673096
1.942598581314087
1.9433729648590088
1.937695860862732
1.9298677444458008
1.9233651161193848
1.928361177444458
1.9373139142990112
1.9416128396987915
1.9386093616485596
1.9374955892562866
1.9316893815994263
1.9280160665512085
1.9279073476791382
1.9332917928695679
1.9323874711990356
1.9333066940307617
1.9336119890213013
1.934343934059143
1.9304627180099487
1.9320393800735474
1.9329501390457153
1.9351375102996826
1.9341708421707153
1.931360125541687
1.9309980869293213
1.937180519104004
1.9430686235427856
1.940858244895935
1.9293138980865479
1.9237134456634521
1.9291901588439941
1.9360228776931763
1.9340569972991943
1.933179497718811
1.9313753843307495
1.9380104541778564
1.9432308673858643
1.9382344484329224
1.9293948411941528
