1.0
1.0056523084640503
0.9975289106369019
0.9814781546592712
0.9523715376853943
0.913649320602417
0.8732006549835205
0.8327689170837402
0.7934239506721497
0.7581804990768433
0.7223712801933289
0.6863145232200623
0.6501467227935791
0.6166542768478394
0.5853708982467651
0.5569743514060974
0.5332131385803223
0.5166249871253967
0.5089578032493591
0.5100667476654053
0.5213221311569214
0.5340394973754883
0.5482218861579895
0.5631311535835266
0.5784165859222412
0.5998629331588745
0.6219797134399414
0.6452401876449585
0.6658529043197632
0.6864610314369202
0.7078065276145935
0.7304310202598572
0.7507652044296265
0.7719104886054993
0.7936345338821411
0.8173103332519531
0.841952383518219
0.8660578727722168
0.8893707990646362
0.9141045212745667
0.9387410879135132
0.9626593589782715
0.9859991669654846
1.008790135383606
1.0302770137786865
1.051395297050476
1.0719057321548462
1.0931583642959595
1.1150152683258057
1.1347895860671997
1.1538327932357788
1.1731886863708496
1.1918171644210815
1.2104384899139404
1.2287201881408691
1.2468284368515015
1.2645460367202759
1.2810168266296387
1.296766757965088
1.3130439519882202
1.3290104866027832
1.344120979309082
1.3586457967758179
1.3726634979248047
1.3867608308792114
1.4001182317733765
1.4136849641799927
1.4270906448364258
1.4392465353012085
1.451306939125061
1.4630630016326904
1.4746925830841064
1.485825538635254
1.4973225593566895
1.5091725587844849
1.5207433700561523
1.531332015991211
1.5414732694625854
1.5511808395385742
1.560776710510254
1.570020318031311
1.579603672027588
1.5885875225067139
1.5972838401794434
1.605798602104187
1.6133754253387451
1.620392084121704
1.6272656917572021
1.6343432664871216
1.6414313316345215
1.648059606552124
1.6544108390808105
1.6593656539916992
1.6642205715179443
1.6705126762390137
1.6765923500061035
1.681971788406372
1.6881521940231323
1.6951361894607544
1.7015811204910278
1.7072546482086182
1.712480902671814
1.7181119918823242
1.7235532999038696
1.7281705141067505
1.7328312397003174
1.73719322681427
1.741653323173523
1.7459484338760376
1.7493172883987427
1.7535163164138794
1.757627010345459
1.761337161064148
1.7648673057556152
1.7683240175247192
1.7720941305160522
1.7760459184646606
1.779545545578003
1.783117651939392
1.7867698669433594
1.7898348569869995
1.792765736579895
1.7949203252792358
1.7969920635223389
1.7994416952133179
1.8021345138549805
1.8048111200332642
1.8071845769882202
1.809928297996521
1.8123598098754883
1.8146392107009888
1.8182820081710815
1.8210934400558472
1.8227415084838867
1.8246665000915527
1.8268544673919678
1.8287978172302246
1.8308297395706177
1.832958698272705
1.8343669176101685
1.8355568647384644
1.8371939659118652
1.8388797044754028
1.8404250144958496
1.8424614667892456
1.8445078134536743
1.8462773561477661
1.8477126359939575
1.8496335744857788
1.850433588027954
1.8512609004974365
1.8519529104232788
1.8532979488372803
1.8544425964355469
1.8549326658248901
1.8555854558944702
1.8559964895248413
1.8570162057876587
1.8587300777435303
1.859885573387146
1.8609994649887085
1.8612948656082153
1.861346960067749
1.8622043132781982
1.8634378910064697
1.8649452924728394
1.866150975227356
1.8672152757644653
1.868530511856079
1.8693678379058838
1.8700717687606812
1.8703926801681519
1.8713675737380981
1.8717451095581055
1.8719558715820312
1.8732545375823975
1.8744964599609375
1.8756797313690186
1.8771247863769531
1.8779609203338623
1.8789759874343872
1.8794437646865845
1.8796069622039795
1.8794572353363037
1.8794677257537842
1.8801355361938477
1.8803354501724243
1.8812482357025146
1.8812010288238525
1.8813997507095337
1.8818345069885254
1.8826652765274048
1.8835358619689941
1.8842180967330933
1.8849626779556274
1.885927677154541
1.8869448900222778
1.8872649669647217
1.8875036239624023
1.8877513408660889
1.888535499572754
1.889599084854126
1.8899942636489868
1.8901665210723877
1.8902333974838257
1.8902472257614136
1.8903918266296387
1.8906974792480469
1.8914382457733154
1.8921353816986084
1.8923659324645996
1.8931857347488403
1.8937820196151733
1.8947802782058716
1.8951882123947144
1.8944183588027954
1.8948653936386108
1.8949463367462158
1.8952126502990723
1.8953282833099365
1.8952890634536743
1.896206259727478
1.89559805393219
1.8946402072906494
1.8949213027954102
1.8950881958007812
1.8959318399429321
1.896099328994751
1.8957476615905762
1.8955507278442383
1.895243525505066
1.89537513256073
1.8966811895370483
1.8973444700241089
1.898210883140564
1.89863920211792
1.8987886905670166
1.8990942239761353
1.899484395980835
1.8998639583587646
1.8997502326965332
1.8995146751403809
1.8997278213500977
1.8998723030090332
1.9007090330123901
1.9021577835083008
1.9024230241775513
1.903035283088684
1.9034905433654785
1.90348219871521
1.9040679931640625
1.9048696756362915
1.905108094215393
1.9056214094161987
1.905922293663025
1.9065024852752686
1.9065104722976685
1.9070972204208374
1.9082677364349365
1.9090605974197388
1.9100761413574219
1.9104104042053223
1.9091109037399292
1.9098811149597168
1.9111353158950806
1.912310242652893
1.9124929904937744
1.913532018661499
1.9134865999221802
1.9133491516113281
1.9133082628250122
1.9123817682266235
1.9115238189697266
1.911173939704895
1.9109829664230347
1.910341739654541
1.9098381996154785
1.909430980682373
1.9097425937652588
1.90969979763031
1.9106189012527466
1.9105948209762573
1.909868597984314
1.909649133682251
1.9099414348602295
1.9110783338546753
1.911952257156372
1.9130675792694092
1.9131639003753662
1.9121685028076172
1.9113655090332031
1.9109296798706055
1.9109047651290894
1.9121770858764648
1.9129146337509155
1.9135966300964355
1.9139219522476196
1.914236068725586
1.914782166481018
1.914521336555481
1.9140102863311768
1.9136123657226562
1.9133644104003906
1.9135491847991943
1.9133212566375732
1.9128323793411255
1.912375569343567
1.9116729497909546
1.911354660987854
1.9115828275680542
1.9125458002090454
1.913526177406311
1.9143999814987183
1.914573073387146
1.9148005247116089
1.9151495695114136
1.9159585237503052
1.9163182973861694
1.9162087440490723
1.9164555072784424
1.9164988994598389
1.9171921014785767
1.9176961183547974
1.9184682369232178
1.9182111024856567
1.9183027744293213
1.91840398311615
1.9181537628173828
1.9180623292922974
1.9175957441329956
1.9179048538208008
1.9179517030715942
1.9178833961486816
1.9179091453552246
1.917375922203064
1.9169518947601318
1.9162942171096802
1.9151407480239868
1.914691686630249
1.914871335029602
1.9152950048446655
1.9148355722427368
1.914962649345398
1.9155163764953613
1.9155019521713257
1.9159475564956665
1.916502594947815
1.9166009426116943
1.9167006015777588
1.9166254997253418
1.9163912534713745
1.9157887697219849
1.9156014919281006
1.9158605337142944
1.9162331819534302
1.917040228843689
1.9169285297393799
1.9166632890701294
1.9160584211349487
1.9150205850601196
1.9147402048110962
1.9147499799728394
1.9146010875701904
1.9143825769424438
1.9142837524414062
1.9140852689743042
1.914259433746338
1.914430856704712
1.915035367012024
1.9156298637390137
1.9163087606430054
1.9170132875442505
1.917358160018921
1.9175324440002441
1.9176123142242432
1.9175105094909668
1.9172590970993042
1.9169219732284546
1.9166747331619263
1.9169560670852661
1.9178696870803833
1.918000340461731
1.918644666671753
1.9191445112228394
1.9191691875457764
1.9184930324554443
1.9182640314102173
1.9184383153915405
1.9192662239074707
1.919850468635559
1.919905424118042
1.9195661544799805
1.9198232889175415
1.920122742652893
1.920080542564392
1.920840859413147
1.9212827682495117
1.9210127592086792
1.9211714267730713
1.9217339754104614
1.9223902225494385
1.922833800315857
1.923458218574524
1.9236319065093994
1.9233900308609009
1.9233102798461914
1.9231417179107666
1.923406958580017
1.9234740734100342
1.924426794052124
1.9248557090759277
1.9243786334991455
1.9245171546936035
1.9245877265930176
1.9241740703582764
1.9239444732666016
1.9234795570373535
1.9229037761688232
1.9229815006256104
1.923429012298584
1.9237945079803467
1.9244688749313354
1.9249727725982666
1.925434947013855
1.925750970840454
1.9262771606445312
1.9260504245758057
1.925464391708374
1.9250833988189697
1.9250478744506836
1.9242140054702759
1.92422616481781
1.9244810342788696
1.9250274896621704
1.9247524738311768
1.924259066581726
1.924172282218933
1.9234281778335571
1.922378420829773
1.922080636024475
1.9217679500579834
1.9220376014709473
1.9217473268508911
1.9222846031188965
1.9224207401275635
1.9216440916061401
1.9223887920379639
1.922903060913086
1.9236507415771484
1.923545479774475
1.9237730503082275
1.924033761024475
1.9244214296340942
1.924866795539856
1.9252359867095947
1.9250839948654175
1.9246573448181152
1.9245555400848389
1.9242609739303589
1.9253363609313965
1.924891710281372
1.9244897365570068
1.9252293109893799
1.9257363080978394
1.9255291223526
1.9244730472564697
1.9231358766555786
1.9216076135635376
1.921303629875183
1.9210257530212402
1.9213305711746216
1.92184579372406
1.9221312999725342
1.9234133958816528
1.924338936805725
1.9240736961364746
1.9244329929351807
1.9249424934387207
1.9248714447021484
1.9250316619873047
1.9253075122833252
1.9241636991500854
1.9243781566619873
1.924472689628601
1.9241859912872314
1.9258029460906982
1.9262672662734985
1.9268107414245605
1.9267202615737915
1.9263960123062134
1.926065444946289
1.926688551902771
1.9268033504486084
1.9263972043991089
1.9253325462341309
1.9253828525543213
1.925352931022644
1.9247170686721802
1.923977017402649
1.9239611625671387
1.9234654903411865
1.9223809242248535
1.9222933053970337
1.9227572679519653
1.9234577417373657
1.9238412380218506
1.924715280532837
1.9247456789016724
1.924583077430725
1.9247698783874512
1.9248912334442139
1.924843668937683
1.925283670425415
1.9245550632476807
1.9233289957046509
1.9216744899749756
1.92147696018219
1.9225835800170898
1.9230968952178955
1.924065113067627
1.9254599809646606
1.9266477823257446
1.9265668392181396
1.9260586500167847
1.9269545078277588
1.9261434078216553
1.9259806871414185
1.9257715940475464
1.9275566339492798
1.9284594058990479
1.9289103746414185
1.9296445846557617
1.9297901391983032
1.9294787645339966
1.9300403594970703
1.9300658702850342
1.9299592971801758
1.9293702840805054
1.9293997287750244
1.9293949604034424
1.9292621612548828
1.9289425611495972
1.9291014671325684
1.9300309419631958
1.93062424659729
1.9310795068740845
1.9316697120666504
1.9315592050552368
1.9302878379821777
1.9300092458724976
1.9308949708938599
1.9301912784576416
1.929760456085205
1.9299203157424927
1.9318102598190308
1.9322586059570312
1.931771159172058
1.9307491779327393
1.9287171363830566
1.9270079135894775
1.9279415607452393
1.927481770515442
1.9269981384277344
1.9262168407440186
1.9266117811203003
1.9262794256210327
1.9278596639633179
1.929042100906372
1.9296300411224365
1.9301737546920776
1.9303934574127197
1.9292867183685303
1.9288220405578613
1.9287296533584595
1.9294577836990356
1.929289698600769
1.9296355247497559
1.9294803142547607
1.9290165901184082
1.9289767742156982
1.9298986196517944
1.930008053779602
1.9305328130722046
1.9308092594146729
1.930353045463562
1.9286465644836426
1.9268132448196411
1.9265743494033813
1.926560401916504
1.9250177145004272
1.9237004518508911
1.9228922128677368
1.9230680465698242
1.9241211414337158
1.926764726638794
1.9280478954315186
1.9274307489395142
1.9262783527374268
1.9263383150100708
1.927808165550232
1.9280757904052734
1.927221417427063
1.92720627784729
1.9277807474136353
1.927769660949707
1.9273570775985718
1.9285225868225098
1.9283840656280518
1.9297820329666138
1.9310053586959839
1.9312230348587036
1.931472897529602
1.9317905902862549
1.9323866367340088
1.931719422340393
1.930146336555481
1.9291679859161377
1.9288440942764282
1.9292683601379395
1.9291597604751587
1.9289617538452148
1.928453803062439
1.9272836446762085
1.9271697998046875
1.9270960092544556
1.9263675212860107
1.9262021780014038
1.9263057708740234
1.925554633140564
1.925224781036377
1.9241604804992676
1.9233225584030151
1.9219815731048584
1.922174334526062
1.9224720001220703
1.9217655658721924
1.9202224016189575
1.9251540899276733
1.9513651132583618
1.9715557098388672
1.9809516668319702
1.9830251932144165
1.9851454496383667
1.9932326078414917
1.982410192489624
1.9820635318756104
1.9767992496490479
1.9705584049224854
2.0135152339935303
2.0458061695098877
2.0559587478637695
2.0583176612854004
2.0552029609680176
2.0487918853759766
2.037774085998535
2.02620530128479
2.0161099433898926
2.006413459777832
1.9980260133743286
1.991430640220642
1.9857267141342163
1.9810113906860352
1.9771177768707275
1.974054217338562
1.9708188772201538
1.967281699180603
1.9635818004608154
1.9605971574783325
1.9583903551101685
1.9564077854156494
1.9543737173080444
1.9522371292114258
1.9510031938552856
1.950899362564087
1.949987769126892
1.9492288827896118
1.9473272562026978
1.9462636709213257
1.9461557865142822
1.946044921875
1.9447662830352783
1.9436125755310059
1.9419552087783813
1.9406473636627197
1.939624547958374
1.9387363195419312
1.938033103942871
1.9376028776168823
1.9377723932266235
1.9379342794418335
1.9378851652145386
1.9383974075317383
1.9392893314361572
1.9395486116409302
1.9397674798965454
1.9398866891860962
1.939966082572937
1.939469575881958
1.9385743141174316
1.938777208328247
1.9386096000671387
1.9381846189498901
1.9378505945205688
1.9373549222946167
1.9372931718826294
1.9372843503952026
1.9362146854400635
1.93501877784729
1.9347646236419678
1.9344518184661865
1.9343945980072021
1.934786319732666
1.9348318576812744
1.9346675872802734
1.9351316690444946
1.935502529144287
1.9351228475570679
1.9344656467437744
1.9339935779571533
1.9338361024856567
1.934104323387146
1.9345297813415527
1.9342950582504272
1.9339216947555542
1.9330962896347046
1.9321420192718506
1.9308902025222778
1.9307259321212769
1.931296467781067
1.9324203729629517
1.9332400560379028
1.933518886566162
1.9340543746948242
1.9343363046646118
1.93393075466156
1.9335559606552124
1.9332184791564941
1.933132529258728
1.9324454069137573
1.9320170879364014
1.9317384958267212
1.9322103261947632
1.9320508241653442
1.9311764240264893
1.9309557676315308
1.9312825202941895
1.931098461151123
1.9314273595809937
1.931527853012085
1.9319766759872437
1.9320024251937866
1.9318830966949463
1.9321951866149902
1.932518720626831
1.9328054189682007
1.9330052137374878
1.934165120124817
1.9352374076843262
1.9358688592910767
1.9346725940704346
1.9333504438400269
1.9333242177963257
1.9341554641723633
1.9351853132247925
1.9360647201538086
1.936822772026062
1.9364250898361206
1.9365061521530151
1.9355757236480713
1.9361392259597778
1.936128854751587
1.9369943141937256
1.9365922212600708
1.9359685182571411
1.9354149103164673
1.9349746704101562
1.9335198402404785
1.9330813884735107
1.9335131645202637
1.9329698085784912
1.9321873188018799
1.931256890296936
1.9298301935195923
1.9289828538894653
1.929141640663147
1.9306966066360474
1.930698037147522
1.9308966398239136
1.932316780090332
1.9334862232208252
1.93461275100708
1.9360052347183228
1.9353747367858887
1.9340388774871826
1.932629108428955
1.9308180809020996
1.930306315422058
1.9301913976669312
1.9305371046066284
1.9304710626602173
1.9314885139465332
1.9320147037506104
1.9323928356170654
1.9319424629211426
1.9305574893951416
1.9307771921157837
1.9310846328735352
1.9306284189224243
1.9310027360916138
1.931643009185791
1.932020902633667
1.9321566820144653
1.9326131343841553
1.9333703517913818
1.9326348304748535
1.9319753646850586
1.9314221143722534
1.9318383932113647
1.932682752609253
1.9338514804840088
1.9348433017730713
1.9356882572174072
1.9358930587768555
1.9357961416244507
1.935412049293518
1.9346107244491577
1.93345046043396
1.932396411895752
1.9337974786758423
1.9346973896026611
1.9354710578918457
1.9356189966201782
1.9339745044708252
1.932546615600586
1.9319998025894165
1.9330345392227173
1.9319088459014893
1.9337208271026611
1.934108018875122
1.9343256950378418
1.9333827495574951
1.9321523904800415
1.9325172901153564
1.9324952363967896
1.9323705434799194
1.9327123165130615
1.9328899383544922
1.9333198070526123
1.9327969551086426
1.9326382875442505
1.9323588609695435
1.9329558610916138
1.9342912435531616
1.9354407787322998
1.9347013235092163
1.9340449571609497
1.9337444305419922
1.933288812637329
1.932362675666809
1.932205080986023
1.9324570894241333
1.9317264556884766
1.9327564239501953
1.9338549375534058
1.9343349933624268
1.9336042404174805
1.9331964254379272
1.9315605163574219
1.9324294328689575
1.9335532188415527
1.9339960813522339
1.9348273277282715
1.934630036354065
1.9349836111068726
1.9339423179626465
1.9345500469207764
1.9354727268218994
1.9324151277542114
1.9326722621917725
1.9341108798980713
1.9345598220825195
1.934936285018921
1.935534954071045
1.935003399848938
1.9340407848358154
1.9329640865325928
1.9321279525756836
1.9311881065368652
1.9315154552459717
1.932262897491455
1.9323065280914307
1.9308151006698608
1.9325603246688843
1.9342228174209595
1.9338767528533936
1.9354183673858643
1.9381468296051025
1.937081217765808
1.9363270998001099
1.9348816871643066
1.935797095298767
1.9368348121643066
1.9372355937957764
1.9358524084091187
1.9344255924224854
1.9338804483413696
1.9329776763916016
1.932735800743103
1.9343136548995972
1.9355131387710571
1.9372971057891846
1.9375872611999512
1.9372749328613281
1.9354753494262695
1.9347577095031738
1.9345449209213257
1.9342273473739624
1.9339239597320557
1.9324512481689453
1.9312896728515625
1.9286298751831055
1.9267795085906982
1.9269146919250488
1.9289767742156982
1.9302639961242676
1.932788372039795
1.934614896774292
1.9363404512405396
1.937285304069519
1.938018560409546
1.9376341104507446
1.93682861328125
1.9357104301452637
1.9347060918807983
1.934650182723999
1.934246301651001
1.9361858367919922
1.9345308542251587
1.9344018697738647
1.9342174530029297
1.935221791267395
1.9363573789596558
1.9380427598953247
1.9385132789611816
1.936684250831604
1.935265302658081
1.9355765581130981
1.9355366230010986
1.9339829683303833
1.9344236850738525
1.9343749284744263
1.93242609500885
1.9339921474456787
1.9343316555023193
1.9344576597213745
1.9343563318252563
1.9339404106140137
1.9335761070251465
1.9345816373825073
1.9341657161712646
1.9356441497802734
1.9361236095428467
1.9362293481826782
1.9359971284866333
1.9361876249313354
1.935044527053833
1.9341198205947876
1.9358261823654175
1.9357061386108398
1.9350414276123047
1.9348373413085938
1.935600996017456
1.9360854625701904
1.9362660646438599
1.9362233877182007
1.9360158443450928
1.9368550777435303
1.9387855529785156
1.9401804208755493
1.9400701522827148
1.938267707824707
1.9380762577056885
1.9389400482177734
1.9419301748275757
1.9440603256225586
1.9428074359893799
1.9402670860290527
1.9407894611358643
1.9411418437957764
1.937808871269226
1.9359378814697266
1.9352748394012451
1.9326732158660889
1.9325469732284546
1.9332195520401
1.9343128204345703
1.9325162172317505
1.93257737159729
1.9358984231948853
1.9360147714614868
1.9364595413208008
1.934743046760559
1.9344217777252197
1.9445303678512573
1.9457920789718628
1.9366624355316162
1.926099419593811
1.9188531637191772
1.9161630868911743
1.9153674840927124
1.9190688133239746
1.9204283952713013
1.925579309463501
1.932652235031128
1.934804916381836
1.9346420764923096
1.932531476020813
1.9297246932983398
1.9277122020721436
1.9291259050369263
1.928268313407898
1.929739236831665
1.9296320676803589
1.9293725490570068
1.9309781789779663
1.9297679662704468
1.9294673204421997
1.9290554523468018
1.9295618534088135
1.9290046691894531
1.9295670986175537
1.928623080253601
1.9285364151000977
1.9276633262634277
1.9298938512802124
1.9329986572265625
1.9317151308059692
1.9307138919830322
1.9307477474212646
1.9303160905838013
1.927937388420105
1.9293324947357178
1.931135892868042
1.9303890466690063
1.9301084280014038
1.929116129875183
1.9286220073699951
1.9290601015090942
1.9308098554611206
1.932295799255371
1.9355026483535767
1.9375112056732178
1.9378483295440674
1.9378148317337036
1.9372268915176392
1.9363501071929932
1.9352070093154907
1.9340901374816895
1.9335614442825317
1.9322394132614136
1.930968165397644
1.9304143190383911
1.9299601316452026
1.9314885139465332
1.9329895973205566
1.9341987371444702
1.9341942071914673
1.9341179132461548
1.9352846145629883
1.9358198642730713
1.9365750551223755
1.937396764755249
1.9391658306121826
1.9392858743667603
1.9472160339355469
1.9500856399536133
1.9481483697891235
1.9437137842178345
1.9400440454483032
1.9375101327896118
1.9392503499984741
1.93917715549469
1.937479019165039
1.9368870258331299
1.9357712268829346
1.9339243173599243
1.9335575103759766
1.93198823928833
1.931512713432312
1.932723879814148
1.9314959049224854
1.931251883506775
1.9328216314315796
1.9342164993286133
1.936174750328064
1.9357140064239502
1.9348571300506592
1.9328747987747192
1.9330337047576904
1.9348597526550293
1.9339698553085327
1.9327616691589355
1.9322069883346558
1.9336251020431519
1.9335888624191284
1.9325922727584839
1.9348068237304688
1.9333683252334595
1.9324469566345215
1.9308369159698486
1.9335606098175049
1.9351462125778198
1.9346615076065063
1.9322044849395752
1.9289714097976685
1.9266400337219238
1.9282466173171997
1.9348342418670654
1.9374147653579712
1.941460132598877
1.9388182163238525
1.9356645345687866
1.933597207069397
1.9356052875518799
1.933676838874817
1.9379479885101318
1.937514305114746
1.934794306755066
1.934964656829834
1.938738465309143
1.9395123720169067
1.9381804466247559
1.9363467693328857
1.9349761009216309
1.9345234632492065
1.935592770576477
1.9382951259613037
1.9335323572158813
1.930620551109314
1.93252432346344
1.9350615739822388
1.9346476793289185
1.9332263469696045
1.923329472541809
1.919826865196228
1.91810941696167
1.922027587890625
1.9273207187652588
1.9276872873306274
1.9275171756744385
1.9267774820327759
1.9261893033981323
1.927136778831482
1.9343831539154053
1.9359312057495117
1.9378124475479126
1.9365408420562744
1.9360240697860718
1.9323623180389404
1.931236982345581
1.9322764873504639
1.933561086654663
1.9359629154205322
1.936690330505371
1.9344274997711182
1.9301239252090454
1.9291386604309082
1.9297727346420288
1.9308892488479614
1.931754231452942
1.9374213218688965
1.9386876821517944
1.9399125576019287
1.936487078666687
1.931800127029419
1.934759259223938
1.9322230815887451
1.9350073337554932
1.9325042963027954
1.9335100650787354
1.9327027797698975
1.929468035697937
1.92975914478302
1.930074691772461
1.929254174232483
1.9318797588348389
1.9309842586517334
1.9326103925704956
1.9283448457717896
1.9267971515655518
1.9267581701278687
1.9307183027267456
1.9339369535446167
1.9347233772277832
1.935703158378601
1.937174916267395
1.935167670249939
1.9318516254425049
1.9299341440200806
1.9328656196594238
1.9335523843765259
1.9342817068099976
1.9317697286605835
1.9288870096206665
1.9276540279388428
1.9261664152145386
1.9306632280349731
1.937970519065857
1.9416693449020386
1.941224217414856
1.9392966032028198
1.9347988367080688
1.9337595701217651
1.9303231239318848
1.9267373085021973
1.9280503988265991
1.9320216178894043
1.9351242780685425
1.9315645694732666
1.9278883934020996
1.928362250328064
1.9290125370025635
1.9341880083084106
1.9344285726547241
1.935701847076416
1.9354523420333862
1.9351108074188232
1.938198208808899
1.9353584051132202
1.9351444244384766
1.9380645751953125
1.9376840591430664
1.9356621503829956
1.935963749885559
1.9368935823440552
1.9348416328430176
1.9302181005477905
1.9252902269363403
1.9241853952407837
1.9263734817504883
1.9285773038864136
1.9324445724487305
1.9374920129776
1.9393839836120605
1.9409070014953613
1.9388271570205688
1.9386814832687378
1.9387978315353394
1.9341493844985962
1.928974986076355
1.9280701875686646
1.9347882270812988
1.9409024715423584
1.9401284456253052
1.9395322799682617
1.9411853551864624
1.938624382019043
1.9329432249069214
1.9339622259140015
1.9364815950393677
1.9391975402832031
1.9356449842453003
1.9328733682632446
1.9351775646209717
1.9352260828018188
1.9345921277999878
1.9349161386489868
1.9325929880142212
1.9345513582229614
1.9356459379196167
1.9343962669372559
1.9352394342422485
1.9312448501586914
1.9324159622192383
1.9300812482833862
1.934057354927063
1.936045527458191
1.9390041828155518
1.9391233921051025
1.9381086826324463
1.935492992401123
1.9331246614456177
1.934748888015747
1.9348208904266357
1.9331547021865845
1.9301533699035645
1.9286973476409912
1.9336916208267212
1.9314028024673462
1.9259587526321411
1.9244270324707031
1.929111123085022
1.9339375495910645
1.9326274394989014
1.9371579885482788
1.9388704299926758
1.9375203847885132
1.9366049766540527
1.9356238842010498
1.9329649209976196
1.9334815740585327
1.9362704753875732
1.936690330505371
1.9336390495300293
1.9270787239074707
1.9265631437301636
1.9324238300323486
1.933915615081787
1.9409756660461426
1.941313624382019
1.9416074752807617
1.9392433166503906
1.938066840171814
1.9374605417251587
1.9366871118545532
1.9338040351867676
1.9306397438049316
1.9334925413131714
1.9351462125778198
1.9363240003585815
1.9358857870101929
1.9338098764419556
1.9325569868087769
1.931588888168335
1.9293832778930664
1.9273256063461304
1.9260995388031006
1.9294403791427612
1.9267139434814453
1.9260954856872559
1.93055260181427
1.931756854057312
1.9334886074066162
1.9332382678985596
1.9307315349578857
1.9286174774169922
1.9340331554412842
1.9365696907043457
1.9356436729431152
1.9322317838668823
1.9303923845291138
1.9316173791885376
1.9273236989974976
1.9293490648269653
1.9327296018600464
1.9354822635650635
1.937582015991211
1.9329973459243774
1.9292875528335571
1.9293203353881836
1.929655909538269
1.9333446025848389
1.936365008354187
1.9348621368408203
1.9364778995513916
1.9329885244369507
1.9297407865524292
1.9298408031463623
1.9343981742858887
1.937538504600525
1.9374462366104126
1.9372047185897827
1.932881236076355
1.931833028793335
1.9330512285232544
1.930625319480896
1.9300709962844849
1.93436861038208
1.938226580619812
1.93569815158844
1.9333434104919434
1.927616000175476
1.922079086303711
1.9225592613220215
1.9283416271209717
1.9284336566925049
1.9290492534637451
1.929395079612732
1.925144910812378
1.9246184825897217
1.9244303703308105
1.9254872798919678
1.9310317039489746
1.9312779903411865
1.932708501815796
1.9289066791534424
1.9280354976654053
1.9245706796646118
1.9262468814849854
1.9297627210617065
1.9308605194091797
1.9293951988220215
1.9264756441116333
1.929137110710144
1.9321351051330566
1.9353986978530884
1.9319058656692505
1.9363782405853271
1.9328560829162598
1.9335601329803467
1.9322092533111572
1.9339604377746582
1.9349263906478882
1.9335918426513672
1.9321831464767456
1.9280002117156982
1.9300155639648438
1.9312063455581665
1.9336168766021729
1.9323906898498535
1.9336799383163452
1.9294627904891968
1.9279950857162476
1.9302539825439453
1.9362682104110718
1.9371145963668823
1.9375919103622437
1.9316165447235107
1.9277284145355225
1.929622769355774
1.9350208044052124
1.9370384216308594
1.9382785558700562
1.936004400253296
1.9316781759262085
1.9341387748718262
1.9364635944366455
1.9364656209945679
1.9367306232452393
1.9379910230636597
1.934685468673706
1.9319157600402832
1.9328467845916748
1.9315224885940552
1.9302839040756226
1.9352132081985474
1.9392776489257812
1.9369033575057983
1.931095838546753
1.9277102947235107
1.9261236190795898
1.9290653467178345
1.924913763999939
1.9295512437820435
1.9290629625320435
1.9352480173110962
1.9351667165756226
1.93259596824646
1.9300525188446045
1.9312492609024048
1.9308912754058838
1.932982087135315
1.9360530376434326
1.9338501691818237
1.9320229291915894
1.9337149858474731
1.934418797492981
1.9340780973434448
1.930704116821289
1.932323694229126
1.9316775798797607
1.9267216920852661
1.9269896745681763
1.929019808769226
1.9316672086715698
1.9312231540679932
1.9288958311080933
1.928741216659546
1.931747317314148
1.930334210395813
1.9270002841949463
1.932430386543274
1.9327685832977295
1.9328664541244507
1.932619333267212
1.9302812814712524
1.9313489198684692
1.9301633834838867
1.931640863418579
1.9300259351730347
1.9297627210617065
1.9298081398010254
1.9306654930114746
1.9331409931182861
1.933615803718567
1.9320321083068848
1.928523302078247
1.9292426109313965
1.9324004650115967
1.9338961839675903
1.933546781539917
1.9339889287948608
1.9355096817016602
1.9294848442077637
1.9281176328659058
1.9253816604614258
1.925485372543335
1.9275455474853516
1.931939959526062
1.933979868888855
1.9327269792556763
