10.0
9.995000839233398
9.989997863769531
9.98498249053955
9.979952812194824
9.974924087524414
9.969945907592773
9.965032577514648
9.960237503051758
9.955611228942871
9.951183319091797
9.946989059448242
9.943116188049316
9.939657211303711
9.936699867248535
9.934297561645508
9.932463645935059
9.931205749511719
9.930521965026855
9.93034553527832
9.930620193481445
9.93127727508545
9.932230949401855
9.933387756347656
9.934670448303223
9.93601131439209
9.937332153320312
9.938539505004883
9.939558029174805
9.940321922302246
9.940803527832031
9.940738677978516
9.940226554870605
9.939342498779297
9.938233375549316
9.937057495117188
9.936105728149414
9.93555736541748
9.935443878173828
9.935722351074219
9.936325073242188
9.93709659576416
9.937849998474121
9.938389778137207
9.938597679138184
9.938444137573242
9.93802547454834
9.937432289123535
9.93673038482666
9.936009407043457
9.935328483581543
9.934699058532715
9.934205055236816
9.9339017868042
9.933881759643555
9.934183120727539
9.934775352478027
9.935589790344238
9.936514854431152
9.937493324279785
9.938480377197266
9.939301490783691
9.939963340759277
9.940454483032227
9.94077205657959
9.940901756286621
9.940873146057129
9.940669059753418
9.940324783325195
9.939837455749512
9.939221382141113
9.938497543334961
9.93767261505127
9.936748504638672
9.935772895812988
9.934757232666016
9.933757781982422
9.932795524597168
9.93187141418457
9.931013107299805
9.930195808410645
9.929407119750977
9.928622245788574
9.927833557128906
9.92701244354248
9.926163673400879
9.925293922424316
9.924399375915527
9.923484802246094
9.922563552856445
9.921626091003418
9.921403884887695
9.921727180480957
9.922755241394043
9.92408561706543
9.925697326660156
9.927570343017578
9.929301261901855
9.931241989135742
9.933293342590332
9.935359954833984
9.936984062194824
9.93803596496582
9.938529014587402
9.938224792480469
9.93722915649414
9.935761451721191
9.934103012084961
9.932425498962402
9.930741310119629
9.929060935974121
9.927303314208984
9.92535400390625
9.922955513000488
9.91989803314209
9.916232109069824
9.912188529968262
9.907938003540039
9.904027938842773
9.900833129882812
9.898695945739746
9.898477554321289
9.900408744812012
9.904521942138672
9.91039752960205
9.917618751525879
9.925806045532227
9.934657096862793
9.943929672241211
9.953498840332031
9.963282585144043
9.973233222961426
9.98331356048584
9.99345588684082
10.003508567810059
10.013392448425293
10.023062705993652
10.032522201538086
10.04176139831543
10.050777435302734
10.059555053710938
10.068069458007812
10.07631778717041
10.084351539611816
10.092249870300293
10.10004711151123
10.107732772827148
10.115288734436035
10.122732162475586
10.130084037780762
10.137330055236816
10.145195007324219
10.153482437133789
10.161968231201172
10.170510292053223
10.179119110107422
10.187833786010742
10.196643829345703
10.205506324768066
10.214282035827637
10.222862243652344
10.231202125549316
10.239243507385254
10.246991157531738
10.254414558410645
10.261541366577148
10.26838493347168
10.274921417236328
10.281095504760742
10.28688907623291
10.2923583984375
10.297520637512207
10.302377700805664
10.306934356689453
10.311185836791992
10.31511116027832
10.31872844696045
10.322025299072266
10.325000762939453
10.327665328979492
10.330025672912598
10.332124710083008
10.334005355834961
10.335697174072266
10.337215423583984
10.338597297668457
10.339866638183594
10.341047286987305
10.342170715332031
10.343246459960938
10.344293594360352
10.345335960388184
10.346404075622559
10.347525596618652
10.348724365234375
10.34997272491455
10.351273536682129
10.352635383605957
10.35403060913086
10.355473518371582
10.356954574584961
10.358476638793945
10.359309196472168
10.35969352722168
10.360140800476074
10.360565185546875
10.360939979553223
10.361292839050293
10.361628532409668
10.361953735351562
10.362272262573242
10.36253547668457
10.362751007080078
10.362918853759766
10.363041877746582
10.363129615783691
10.36318588256836
10.3632173538208
10.363231658935547
10.363225936889648
10.363205909729004
10.363173484802246
10.363129615783691
10.363075256347656
10.363011360168457
10.362940788269043
10.362860679626465
10.362770080566406
10.362672805786133
10.362570762634277
10.362459182739258
10.362333297729492
10.362194061279297
10.362046241760254
10.361891746520996
10.361721992492676
10.361534118652344
10.361328125
10.361111640930176
10.360885620117188
10.36065673828125
10.360429763793945
10.36020278930664
10.359978675842285
10.359763145446777
10.359564781188965
10.35938835144043
10.359230041503906
10.35909652709961
10.35899543762207
10.358936309814453
10.35892105102539
10.35895824432373
10.359051704406738
10.359201431274414
10.359399795532227
10.359649658203125
10.359957695007324
10.360313415527344
10.360713958740234
10.361157417297363
10.361641883850098
10.362154006958008
10.362682342529297
10.363214492797852
10.363740921020508
10.364259719848633
10.364781379699707
10.365301132202148
10.365818977355957
10.366328239440918
10.366748809814453
10.367085456848145
10.367352485656738
10.367565155029297
10.367729187011719
10.3678560256958
10.367960929870605
10.368050575256348
10.368128776550293
10.368202209472656
10.368273735046387
10.368335723876953
10.368387222290039
10.368429183959961
10.36845588684082
10.368463516235352
10.368454933166504
10.368430137634277
10.368388175964355
10.368330001831055
10.368256568908691
10.368169784545898
10.36806869506836
10.367949485778809
10.367809295654297
10.367648124694824
10.367459297180176
10.367238998413086
10.366983413696289
10.366693496704102
10.366353988647461
10.365972518920898
10.365551948547363
10.365102767944336
10.3646240234375
10.364131927490234
10.363630294799805
10.363129615783691
10.362635612487793
10.362151145935059
10.361681938171387
10.361224174499512
10.360774993896484
10.36033821105957
10.35991382598877
10.359495162963867
10.359081268310547
10.358674049377441
10.358264923095703
10.357854843139648
10.357446670532227
10.357040405273438
10.356637001037598
10.356236457824707
10.355838775634766
10.355449676513672
10.355072975158691
10.354706764221191
10.35435676574707
10.354021072387695
10.353689193725586
10.353357315063477
10.353026390075684
10.352697372436523
10.352367401123047
10.352034568786621
10.351700782775879
10.351364135742188
10.35102367401123
10.350679397583008
10.350330352783203
10.349977493286133
10.349620819091797
10.349260330200195
10.348898887634277
10.348531723022461
10.348165512084961
10.347790718078613
10.347419738769531
10.347038269042969
10.346653938293457
10.346250534057617
10.345847129821777
10.345426559448242
10.345008850097656
10.344571113586426
10.34412956237793
10.34368896484375
10.343244552612305
10.342809677124023
10.342379570007324
10.34195613861084
10.34154987335205
10.341150283813477
10.340760231018066
10.340377807617188
10.34000301361084
10.339645385742188
10.339296340942383
10.33896255493164
10.338641166687012
10.338327407836914
10.338029861450195
10.33774471282959
10.337474822998047
10.337220191955566
10.33697509765625
10.336745262145996
10.336528778076172
10.336325645446777
10.336138725280762
10.335959434509277
10.335785865783691
10.335616111755371
10.335445404052734
10.335278511047363
10.335114479064941
10.33495807647705
10.334805488586426
10.334663391113281
10.3345365524292
10.334420204162598
10.334317207336426
10.334221839904785
10.334141731262207
10.334080696105957
10.334033012390137
10.334002494812012
10.333990097045898
10.333995819091797
10.334020614624023
10.334067344665527
10.334138870239258
10.33422565460205
10.334333419799805
10.334456443786621
10.3345947265625
10.334744453430176
10.334897994995117
10.335047721862793
10.335184097290039
10.335310935974121
10.335427284240723
10.33553409576416
10.33563232421875
10.335714340209961
10.335783958435059
10.335845947265625
10.335905075073242
10.335970878601074
10.336041450500488
10.3361177444458
10.336193084716797
10.336272239685059
10.33635139465332
10.336433410644531
10.336508750915527
10.336575508117676
10.336631774902344
10.336681365966797
10.336726188659668
10.336764335632324
10.336800575256348
10.336837768554688
10.336867332458496
10.336891174316406
10.336915016174316
10.336936950683594
10.336960792541504
10.336992263793945
10.337030410766602
10.337075233459473
10.33712100982666
10.337162971496582
10.337210655212402
10.337265014648438
10.33732795715332
10.33739185333252
10.337462425231934
10.337538719177246
10.337624549865723
10.337718963623047
10.337823867797852
10.337930679321289
10.338043212890625
10.338154792785645
10.338276863098145
10.338399887084961
10.338532447814941
10.338665008544922
10.33880615234375
10.338951110839844
10.339093208312988
10.3392333984375
10.339371681213379
10.339518547058105
10.339664459228516
10.339810371398926
10.339946746826172
10.340080261230469
10.34021282196045
10.340344429016113
10.340481758117676
10.340615272521973
10.34074878692627
10.340883255004883
10.341024398803711
10.341174125671387
10.341333389282227
10.341500282287598
10.341672897338867
10.341853141784668
10.342041969299316
10.342232704162598
10.342415809631348
10.342588424682617
10.342753410339355
10.342914581298828
10.34306812286377
10.343214988708496
10.343352317810059
10.34347915649414
10.343602180480957
10.343720436096191
10.34383487701416
10.34394359588623
10.344053268432617
10.344154357910156
10.34424877166748
10.344334602355957
10.344408988952637
10.344480514526367
10.344550132751465
10.34461784362793
10.34468936920166
10.344764709472656
10.344831466674805
10.344892501831055
10.344965934753418
10.345048904418945
10.345129013061523
10.345202445983887
10.34526252746582
10.345308303833008
10.345353126525879
10.345398902893066
10.345439910888672
10.345483779907227
10.345537185668945
10.345597267150879
10.3456449508667
10.345693588256836
10.34573745727539
10.345787048339844
10.34583854675293
10.345894813537598
10.345951080322266
10.346007347106934
10.34606647491455
10.346102714538574
10.34613037109375
10.346158027648926
10.346186637878418
10.346217155456543
10.346246719360352
10.346282005310059
10.346311569213867
10.346322059631348
10.34631633758545
10.34630298614502
10.34627914428711
10.346251487731934
10.346220970153809
10.346179008483887
10.346141815185547
10.346105575561523
10.346075057983398
10.346036911010742
10.346000671386719
10.345967292785645
10.345928192138672
10.345882415771484
10.34583568572998
10.34580135345459
10.34577465057373
10.345760345458984
10.345755577087402
10.345754623413086
10.34575366973877
10.345736503601074
10.345705032348633
10.345660209655762
10.345598220825195
10.3455171585083
10.345428466796875
10.345342636108398
10.345256805419922
10.345173835754395
10.345090866088867
10.345004081726074
10.344917297363281
10.344830513000488
10.344747543334961
10.344666481018066
10.344594955444336
10.344514846801758
10.344416618347168
10.344297409057617
10.344168663024902
10.344038009643555
10.343902587890625
10.343774795532227
10.343659400939941
10.343568801879883
10.343499183654785
10.34343433380127
10.343376159667969
10.34332275390625
10.343262672424316
10.343193054199219
10.343122482299805
10.34304141998291
10.342955589294434
10.342859268188477
10.342751502990723
10.342641830444336
10.342535018920898
10.342453956604004
10.342391967773438
10.3423433303833
10.342288970947266
10.342233657836914
10.342169761657715
10.342094421386719
10.342016220092773
10.341938018798828
10.341858863830566
10.341789245605469
10.34174633026123
10.341714859008789
10.34168529510498
10.341665267944336
10.341632843017578
10.341595649719238
10.341568946838379
10.34154224395752
10.34151840209961
10.341504096984863
10.341482162475586
10.341462135314941
10.341444969177246
10.3414306640625
10.34141731262207
10.341398239135742
10.34138298034668
10.341351509094238
10.341310501098633
10.34125804901123
10.34118938446045
10.341121673583984
10.341063499450684
10.340982437133789
10.3408842086792
10.34080696105957
10.340741157531738
10.34068489074707
10.340651512145996
10.340629577636719
10.340605735778809
10.340570449829102
10.34053897857666
10.34049129486084
10.340445518493652
10.340399742126465
10.340337753295898
10.340287208557129
10.340226173400879
10.340161323547363
10.340060234069824
10.33994197845459
10.339824676513672
10.339667320251465
10.339478492736816
10.339285850524902
10.33910846710205
10.338934898376465
10.338774681091309
10.338634490966797
10.338512420654297
10.338401794433594
10.338276863098145
10.338153839111328
10.338047981262207
10.33796501159668
10.33788013458252
10.337776184082031
10.337674140930176
10.337597846984863
10.337539672851562
10.337477684020996
10.33741569519043
10.337321281433105
10.337203025817871
10.337081909179688
10.336959838867188
10.33680248260498
10.336639404296875
10.336457252502441
10.336282730102539
10.336114883422852
10.335947036743164
10.335784912109375
10.335620880126953
10.33545207977295
10.335275650024414
10.335094451904297
10.334929466247559
10.3347749710083
10.334619522094727
10.334461212158203
10.334314346313477
10.334158897399902
10.333974838256836
10.333784103393555
10.333610534667969
10.333436965942383
10.333264350891113
10.333111763000488
10.332968711853027
10.332815170288086
10.332676887512207
10.33250617980957
10.33232593536377
10.332117080688477
10.331892967224121
10.331694602966309
10.331483840942383
10.33122444152832
10.330907821655273
10.330573081970215
10.33022403717041
10.329849243164062
10.329423904418945
10.32896900177002
10.328470230102539
10.327938079833984
10.327423095703125
10.326940536499023
10.326432228088379
10.32590389251709
10.32535457611084
10.324798583984375
10.324274063110352
10.323762893676758
10.32322883605957
10.3226900100708
10.322185516357422
10.321709632873535
10.321255683898926
10.320780754089355
10.320306777954102
10.319875717163086
10.319489479064941
10.31913948059082
10.318852424621582
10.318586349487305
10.318331718444824
10.318086624145508
10.317828178405762
10.3175687789917
10.317307472229004
10.317035675048828
10.316732406616211
10.316417694091797
10.316086769104004
10.315728187561035
10.315345764160156
10.31492805480957
10.314513206481934
10.314098358154297
10.313663482666016
10.313214302062988
10.312743186950684
10.312261581420898
10.311758041381836
10.311261177062988
10.31076431274414
10.310273170471191
10.30969524383545
10.309101104736328
10.308500289916992
10.307880401611328
10.307217597961426
10.306516647338867
10.305767059326172
10.305021286010742
10.304216384887695
10.303394317626953
10.302606582641602
10.301807403564453
10.301003456115723
10.300243377685547
10.299534797668457
10.298844337463379
10.298190116882324
10.297574996948242
10.296989440917969
10.29642391204834
10.29585075378418
10.295329093933105
10.29473876953125
10.294197082519531
10.293646812438965
10.293063163757324
10.292558670043945
10.292043685913086
10.29150390625
10.291069030761719
10.290587425231934
10.290156364440918
10.289730072021484
10.289266586303711
10.288918495178223
10.288569450378418
10.288195610046387
10.287840843200684
10.287520408630371
10.2871732711792
10.28679084777832
10.286554336547852
10.286467552185059
10.286356925964355
10.286114692687988
10.28577995300293
10.285286903381348
10.284539222717285
10.283629417419434
10.282645225524902
10.281639099121094
10.280550956726074
10.279544830322266
10.278480529785156
10.277507781982422
10.276386260986328
10.275254249572754
10.2742919921875
10.27322769165039
10.272265434265137
10.271249771118164
10.270238876342773
10.269308090209961
10.268548011779785
10.268007278442383
10.267491340637207
10.266963005065918
10.266500473022461
10.265984535217285
10.265037536621094
10.26399040222168
10.263131141662598
10.262831687927246
10.262627601623535
10.262585639953613
10.262266159057617
10.261675834655762
10.26119613647461
10.260461807250977
10.259833335876465
10.259511947631836
10.259065628051758
10.25826358795166
10.25728702545166
10.25592041015625
10.254579544067383
10.253190040588379
10.251791954040527
10.250097274780273
10.248308181762695
10.245901107788086
10.243104934692383
10.240074157714844
10.236763954162598
10.233724594116211
10.230804443359375
10.228141784667969
10.225829124450684
10.22373104095459
10.221832275390625
10.220062255859375
10.21867561340332
10.217379570007324
10.21609115600586
10.214728355407715
10.213393211364746
10.21226692199707
10.211332321166992
10.210614204406738
10.211127281188965
10.211494445800781
10.211677551269531
10.211803436279297
10.211526870727539
10.210603713989258
10.210221290588379
10.20969009399414
10.20917797088623
10.208662986755371
10.207746505737305
10.206162452697754
10.203949928283691
10.201415061950684
10.198709487915039
10.19642162322998
10.19432258605957
10.1922025680542
10.18986701965332
10.187176704406738
10.184536933898926
10.181839942932129
10.179677963256836
10.177949905395508
10.176602363586426
10.17544937133789
10.174578666687012
10.174071311950684
10.17356014251709
10.172615051269531
10.171428680419922
10.170019149780273
10.168413162231445
10.166655540466309
10.164725303649902
10.16237735748291
10.159994125366211
10.157734870910645
10.155447006225586
10.152892112731934
10.149988174438477
10.146902084350586
10.143577575683594
10.140559196472168
10.137778282165527
10.135129928588867
10.132402420043945
10.129928588867188
10.127532005310059
10.1251220703125
10.122591972351074
10.120505332946777
10.11931324005127
10.117717742919922
10.115884780883789
10.11429500579834
10.112872123718262
10.112199783325195
10.111688613891602
10.110697746276855
10.109204292297363
10.107089042663574
10.104501724243164
10.102212905883789
10.099983215332031
10.097797393798828
10.09621524810791
10.09529972076416
10.09382438659668
10.092306137084961
10.09119701385498
10.090020179748535
10.087915420532227
10.085467338562012
10.082826614379883
10.07960319519043
10.076637268066406
10.074153900146484
10.07146167755127
10.069862365722656
10.068986892700195
10.067527770996094
10.06704044342041
10.066844940185547
10.065847396850586
10.065150260925293
10.064414024353027
10.06400203704834
10.062475204467773
10.061065673828125
10.059051513671875
10.056859970092773
10.05494213104248
10.052282333374023
10.049994468688965
10.047673225402832
10.044266700744629
10.040940284729004
10.037397384643555
10.034332275390625
10.031919479370117
10.029491424560547
10.027183532714844
10.025819778442383
10.024914741516113
10.02486801147461
10.025178909301758
10.025869369506836
10.026771545410156
10.028741836547852
10.030766487121582
10.032326698303223
10.034247398376465
10.036503791809082
10.038275718688965
10.039400100708008
10.040563583374023
10.040754318237305
10.039535522460938
10.038004875183105
10.034623146057129
10.030884742736816
10.026998519897461
10.023774147033691
10.019147872924805
10.015567779541016
10.012069702148438
10.008675575256348
10.005331039428711
10.002689361572266
10.00094223022461
9.99995231628418
9.999794960021973
10.00019645690918
10.00034236907959
9.999645233154297
9.998291015625
9.99609375
9.993624687194824
9.990132331848145
9.98644733428955
9.9827299118042
9.978395462036133
9.973368644714355
9.967619895935059
9.962753295898438
9.959561347961426
9.958388328552246
9.95792007446289
9.958382606506348
9.960511207580566
9.963269233703613
9.966063499450684
9.968748092651367
9.971851348876953
9.97411823272705
9.975741386413574
9.977808952331543
9.978914260864258
9.978659629821777
9.97909927368164
9.976889610290527
9.97603702545166
9.976162910461426
9.975469589233398
9.974931716918945
9.975045204162598
9.973833084106445
9.973230361938477
9.9723482131958
9.971400260925293
9.970487594604492
9.968843460083008
9.965327262878418
9.960916519165039
9.955709457397461
9.95005989074707
9.944353103637695
9.938791275024414
9.93419075012207
9.930221557617188
9.928337097167969
9.927924156188965
9.928352355957031
9.930397987365723
9.93162727355957
9.93256664276123
9.933553695678711
9.9353609085083
9.935416221618652
9.936205863952637
9.935832023620605
9.937743186950684
9.940863609313965
9.943066596984863
9.947518348693848
9.9518461227417
9.956028938293457
9.960371017456055
9.962750434875488
9.964025497436523
9.965240478515625
9.964873313903809
9.962397575378418
9.958925247192383
9.956123352050781
9.953134536743164
9.949952125549316
9.947698593139648
9.946049690246582
9.945121765136719
9.944440841674805
9.943999290466309
9.943015098571777
9.941868782043457
9.940706253051758
9.93840217590332
9.937056541442871
9.935914993286133
9.934825897216797
9.933863639831543
9.932680130004883
9.931142807006836
9.929987907409668
9.929044723510742
9.928152084350586
9.926704406738281
9.925474166870117
9.924932479858398
9.924659729003906
9.923588752746582
9.922941207885742
9.922643661499023
9.921784400939941
9.921119689941406
9.921390533447266
9.922232627868652
9.92129135131836
9.921536445617676
9.921469688415527
9.920330047607422
9.919917106628418
9.919750213623047
9.917122840881348
9.915070533752441
9.912023544311523
9.907835006713867
9.903286933898926
9.898419380187988
9.894369125366211
9.890666961669922
9.88787841796875
9.884986877441406
9.883516311645508
9.881958961486816
9.880494117736816
9.879683494567871
9.87947940826416
9.879136085510254
9.880751609802246
9.883764266967773
9.887828826904297
9.893641471862793
9.896071434020996
9.89766788482666
9.899002075195312
9.899626731872559
9.900727272033691
9.902392387390137
9.903915405273438
9.904166221618652
9.905563354492188
9.906628608703613
9.908157348632812
9.90953540802002
9.912744522094727
9.914623260498047
9.916559219360352
9.919052124023438
9.919100761413574
9.918791770935059
9.91893482208252
9.916764259338379
9.915178298950195
9.91448974609375
9.91335391998291
9.914051055908203
9.915111541748047
9.917247772216797
9.920096397399902
9.923689842224121
9.926756858825684
9.928936004638672
9.929399490356445
9.93035888671875
9.931767463684082
9.932273864746094
9.93213176727295
9.931268692016602
9.929727554321289
9.927355766296387
9.924769401550293
9.921185493469238
9.916860580444336
9.913381576538086
9.909932136535645
9.907036781311035
9.906375885009766
9.906196594238281
9.90394401550293
9.901524543762207
9.898446083068848
9.895795822143555
9.8911771774292
9.88491439819336
9.879415512084961
9.875295639038086
9.873422622680664
9.873397827148438
9.872509002685547
9.87143325805664
9.870054244995117
9.869257926940918
9.869101524353027
9.868535041809082
9.868559837341309
9.869452476501465
9.870438575744629
9.870870590209961
9.870341300964355
9.869461059570312
9.868934631347656
9.868792533874512
