1.0
1.0049983263015747
1.009903907775879
1.0148614645004272
1.019848346710205
1.0247907638549805
1.0294815301895142
1.0337343215942383
1.0373499393463135
1.0398801565170288
1.0410269498825073
1.0406839847564697
1.039119005203247
1.036679983139038
1.0335824489593506
1.029975414276123
1.02597975730896
1.0216810703277588
1.0171297788619995
1.012387990951538
1.0075507164001465
1.0027040243148804
0.9979859590530396
0.993400514125824
0.9889718890190125
0.9847590923309326
0.9808142781257629
0.9772024154663086
0.9740281701087952
0.9714146256446838
0.9694698452949524
0.9661145210266113
0.9619420766830444
0.9572551846504211
0.9522294402122498
0.9469706416130066
0.9415047764778137
0.935879647731781
0.9301392436027527
0.9244130849838257
0.9188624024391174
0.9136437177658081
0.9089283347129822
0.9048288464546204
0.901383638381958
0.8985326290130615
0.8961858749389648
0.8941948413848877
0.8924375772476196
0.8908302187919617
0.8893184661865234
0.8878276348114014
0.8863379955291748
0.8847982883453369
0.8832106590270996
0.8816248774528503
0.8801742196083069
0.8789271712303162
0.8779768347740173
0.8774595260620117
0.8775250315666199
0.8758999705314636
0.8732520937919617
0.870190441608429
0.8672375082969666
0.8647106289863586
0.8625064492225647
0.8602729439735413
0.8577392101287842
0.8548502326011658
0.8517805337905884
0.8489800095558167
0.8468121886253357
0.8453547358512878
0.8442592620849609
0.8430864810943604
0.8415140509605408
0.8394616842269897
0.8371015191078186
0.8346876502037048
0.832406759262085
0.8303278088569641
0.8284188508987427
0.8265226483345032
0.8245142698287964
0.8223381638526917
0.8200005888938904
0.8176138997077942
0.8153719902038574
0.8134008049964905
0.8116611838340759
0.8092839121818542
0.8066200613975525
0.804095983505249
0.8017920851707458
0.7996304035186768
0.7976508140563965
0.7959412336349487
0.7944115400314331
0.7928571701049805
0.7912584543228149
0.7898358702659607
0.7886843681335449
0.7878196239471436
0.7872527837753296
0.7871012091636658
0.7873150110244751
0.7874763607978821
0.787469744682312
0.7877069115638733
0.7883738279342651
0.7889708876609802
0.789149820804596
0.7898421883583069
0.7918353080749512
0.7945790886878967
0.7969741821289062
0.7988784313201904
0.8011409044265747
0.8035041093826294
0.8052941560745239
0.8099546432495117
0.8143420815467834
0.8167355060577393
0.8186764717102051
0.8198860287666321
0.8198287487030029
0.8203160762786865
0.823005199432373
0.8266987800598145
0.8281849026679993
0.8273494839668274
0.8281762003898621
0.8314011096954346
0.833905816078186
0.8338441848754883
0.8339460492134094
0.8352186679840088
0.8363548517227173
0.8375176787376404
0.8389849662780762
0.8395625352859497
0.8394145369529724
0.8405575156211853
0.8419568538665771
0.8421173691749573
0.8425288796424866
0.8439756035804749
0.8448505997657776
0.8451483845710754
0.8464058041572571
0.8416526913642883
0.8409297466278076
0.8428866863250732
0.8451943397521973
0.8466261625289917
0.8467018604278564
0.8470075130462646
0.8486581444740295
0.8499219417572021
0.8501789569854736
0.8516111373901367
0.854529082775116
0.8566964864730835
0.8573316335678101
0.8578154444694519
0.8590558767318726
0.8607163429260254
0.8625818490982056
0.8644301891326904
0.8658768534660339
0.8672072291374207
0.868755578994751
0.8701664805412292
0.871492326259613
0.8735018372535706
0.8759286403656006
0.8775845766067505
0.8785445094108582
0.8798757791519165
0.8817987442016602
0.8822407126426697
0.8846031427383423
0.8879104256629944
0.8905460238456726
0.8938565254211426
0.8977400064468384
0.9010509848594666
0.9046962857246399
0.909066379070282
0.9128632545471191
0.916478157043457
0.9210067987442017
0.9255533218383789
0.9291231632232666
0.9329366683959961
0.9373540878295898
0.9412360191345215
0.9447373151779175
0.9488980770111084
0.9531590938568115
0.956781268119812
0.9603310823440552
0.9637636542320251
0.9670401215553284
0.9703303575515747
0.9736508727073669
0.976840615272522
0.9798358678817749
0.9831664562225342
0.9868759512901306
0.9905223250389099
0.9949637055397034
0.9997721910476685
1.005250096321106
1.0116006135940552
1.0175249576568604
1.0239474773406982
1.0306532382965088
1.0371702909469604
1.043887972831726
1.0499132871627808
1.0563592910766602
1.062651515007019
1.0688072443008423
1.0750460624694824
1.0809489488601685
1.0873143672943115
1.0929845571517944
1.0991052389144897
1.104654312133789
1.1105189323425293
1.1157689094543457
1.1211373805999756
1.1263521909713745
1.1316059827804565
1.1369283199310303
1.1423622369766235
1.1481229066848755
1.1537013053894043
1.1596871614456177
1.166025161743164
1.1737440824508667
1.1779907941818237
1.1851584911346436
1.1919105052947998
1.1951544284820557
1.2002872228622437
1.2068026065826416
1.2110140323638916
1.2146941423416138
1.2200781106948853
1.225699782371521
1.2293726205825806
1.233167052268982
1.2380881309509277
1.2426625490188599
1.2458620071411133
1.249485731124878
1.253861427307129
1.2575135231018066
1.260381817817688
1.2639350891113281
1.2678852081298828
1.2709614038467407
1.2738089561462402
1.277404546737671
1.2810781002044678
1.2839765548706055
1.2870427370071411
1.2907854318618774
1.294046401977539
1.2970877885818481
1.3005552291870117
1.3035659790039062
1.3064913749694824
1.3097009658813477
1.312493085861206
1.315407156944275
1.318503499031067
1.3212051391601562
1.3241665363311768
1.3271585702896118
1.3298195600509644
1.3327316045761108
1.3355103731155396
1.338112235069275
1.340897560119629
1.3434349298477173
1.3459768295288086
1.3486260175704956
1.3510123491287231
1.3535330295562744
1.3560291528701782
1.3583561182022095
1.3608312606811523
1.3631632328033447
1.3654875755310059
1.3678752183914185
1.3700889348983765
1.372411847114563
1.3742034435272217
1.3766263723373413
1.3779078722000122
1.3798160552978516
1.3814666271209717
1.382864236831665
1.3849354982376099
1.3863804340362549
1.3882246017456055
1.3904013633728027
1.3921750783920288
1.3944886922836304
1.3968007564544678
1.3989732265472412
1.4015930891036987
1.4039385318756104
1.406402349472046
1.409054160118103
1.4113538265228271
1.413986086845398
1.4163669347763062
1.4187757968902588
1.4212830066680908
1.4235061407089233
1.4260014295578003
1.4281985759735107
1.4305750131607056
1.4329230785369873
1.4352102279663086
1.437713384628296
1.4400057792663574
1.4425926208496094
1.4450186491012573
1.4476287364959717
1.450229525566101
1.4528677463531494
1.4556201696395874
1.458274245262146
1.4611331224441528
1.4637768268585205
1.466691255569458
1.4693018198013306
1.4722601175308228
1.4748330116271973
1.477811574935913
1.4803529977798462
1.483320713043213
1.4858894348144531
1.488806128501892
1.4914603233337402
1.4943275451660156
1.4970711469650269
1.499896764755249
1.5027183294296265
1.5055049657821655
1.5083836317062378
1.511136531829834
1.5140726566314697
1.5167585611343384
1.5197653770446777
1.5223444700241089
1.5254192352294922
1.5278639793395996
1.5309162139892578
1.5333672761917114
1.5362513065338135
1.5389134883880615
1.5416185855865479
1.544490933418274
1.5470564365386963
1.5500091314315796
1.5525346994400024
1.5554029941558838
1.5580171346664429
1.5607177019119263
1.5634557008743286
1.5660039186477661
1.568783164024353
1.5712594985961914
1.573980689048767
1.5764747858047485
1.5790764093399048
1.5816388130187988
1.5841164588928223
1.5867235660552979
1.5891263484954834
1.5917247533798218
1.5941135883331299
1.596657395362854
1.599076271057129
1.6015429496765137
1.603999376296997
1.60639226436615
1.6088651418685913
1.6112031936645508
1.6136631965637207
1.6159626245498657
1.6183849573135376
1.6206589937210083
1.6230289936065674
1.6252812147140503
1.6275874376296997
1.6298245191574097
1.6320708990097046
1.634291648864746
1.6364821195602417
1.6386905908584595
1.6408331394195557
1.643032431602478
1.645126461982727
1.6473232507705688
1.649368166923523
1.6515684127807617
1.6535602807998657
1.6557697057724
1.6576852798461914
1.6599241495132446
1.6617180109024048
1.6640143394470215
1.6655789613723755
1.6678837537765503
1.6692997217178345
1.6713536977767944
1.6731195449829102
1.674808144569397
1.676939606666565
1.6785006523132324
1.6805086135864258
1.6823619604110718
1.6840418577194214
1.6860936880111694
1.6877143383026123
1.6895573139190674
1.691428780555725
1.692994236946106
1.6948621273040771
1.6964828968048096
1.698073387145996
1.699843168258667
1.701314926147461
1.7029590606689453
1.7045823335647583
1.706031084060669
1.7076871395111084
1.709197998046875
1.710697054862976
1.7123314142227173
1.7137866020202637
1.7153490781784058
1.7169162034988403
1.7183588743209839
1.7199361324310303
1.721409559249878
1.7228615283966064
1.7243871688842773
1.7257819175720215
1.727233648300171
1.7286659479141235
1.7300111055374146
1.73143470287323
1.7327739000320435
1.7341060638427734
1.7354810237884521
1.7367695569992065
1.7381110191345215
1.7394299507141113
1.7407104969024658
1.742044448852539
1.7433146238327026
1.7446024417877197
1.7458959817886353
1.7471362352371216
1.748415231704712
1.7496522665023804
1.7508816719055176
1.7521241903305054
1.7533161640167236
1.7545349597930908
1.755722165107727
1.7568936347961426
1.75807785987854
1.7592177391052246
1.7603750228881836
1.7615054845809937
1.7626243829727173
1.7637505531311035
1.7648420333862305
1.7659504413604736
1.7670350074768066
1.7681150436401367
1.769195795059204
1.7702516317367554
1.771319031715393
1.772361397743225
1.7734040021896362
1.7744382619857788
1.7754532098770142
1.7764723300933838
1.7774657011032104
1.7784631252288818
1.779442548751831
1.78041410446167
1.7813817262649536
1.782331109046936
1.7832844257354736
1.7842166423797607
1.7851529121398926
1.7860721349716187
1.7869898080825806
1.7878988981246948
1.7887976169586182
1.7896958589553833
1.7905781269073486
1.7914623022079468
1.792328119277954
1.7931976318359375
1.7940480709075928
1.7949028015136719
1.7957384586334229
1.7965784072875977
1.7973999977111816
1.798224687576294
1.7990342378616333
1.7998437881469727
1.800642728805542
1.8014382123947144
1.8022255897521973
1.8030070066452026
1.8037830591201782
1.8045510053634644
1.8053154945373535
1.8060706853866577
1.8068245649337769
1.8075661659240723
1.8083093166351318
1.8090379238128662
1.8097691535949707
1.8104842901229858
1.811203956604004
1.8119053840637207
1.8126131296157837
1.8133012056350708
1.8139995336532593
1.8146733045578003
1.8153647184371948
1.8160241842269897
1.816711664199829
1.8173537254333496
1.8180410861968994
1.818663477897644
1.819352626800537
1.8199537992477417
1.8206470012664795
1.8212251663208008
1.8219243288040161
1.822475790977478
1.8231792449951172
1.8237026929855347
1.8244134187698364
1.8249088525772095
1.8256285190582275
1.8260968923568726
1.8268234729766846
1.8272696733474731
1.8279913663864136
1.8284351825714111
1.8291317224502563
1.8296105861663818
1.8302512168884277
1.8308041095733643
1.8313671350479126
1.8319846391677856
1.8324834108352661
1.8331218957901
1.833591341972351
1.8342070579528809
1.834688425064087
1.835256576538086
1.8357789516448975
1.8362927436828613
1.836849570274353
1.8373260498046875
1.8378939628601074
1.8383578062057495
1.8389134407043457
1.8393911123275757
1.8399181365966797
1.840417742729187
1.8409111499786377
1.8414255380630493
1.8418898582458496
1.8424077033996582
1.8428527116775513
1.8433656692504883
1.8438023328781128
1.8443055152893066
1.8447390794754028
1.8452293872833252
1.845663070678711
1.8461394309997559
1.8465746641159058
1.8470396995544434
1.8474787473678589
1.8479336500167847
1.8483750820159912
1.848820447921753
1.8492616415023804
1.849697470664978
1.850136637687683
1.8505611419677734
1.850998878479004
1.8514115810394287
1.8518505096435547
1.8522487878799438
1.8526928424835205
1.853071689605713
1.8535270690917969
1.853880763053894
1.8543528318405151
1.8546702861785889
1.855165958404541
1.8554329872131348
1.8559690713882446
1.8561521768569946
1.8567545413970947
1.8567787408828735
1.8575085401535034
1.857285976409912
1.8579283952713013
1.8580611944198608
1.8583389520645142
1.8590304851531982
1.859109878540039
1.8597859144210815
1.8601850271224976
1.8604912757873535
1.8612337112426758
1.8614596128463745
1.86197030544281
1.8625717163085938
1.8627821207046509
1.8633415699005127
1.8637058734893799
1.8639355897903442
1.864448070526123
1.8646599054336548
1.8649579286575317
1.8654320240020752
1.8656260967254639
1.8660160303115845
1.866457223892212
1.8666964769363403
1.8671475648880005
1.8675377368927002
1.867828130722046
1.8682968616485596
1.8686293363571167
1.868949294090271
1.8693891763687134
1.8696626424789429
1.869990587234497
1.87037193775177
1.8706101179122925
1.8709427118301392
1.871269941329956
1.8715070486068726
1.8718483448028564
1.8721330165863037
1.8723866939544678
1.8727246522903442
1.8729828596115112
1.8732614517211914
1.8735902309417725
1.8738441467285156
1.8741514682769775
1.8744643926620483
1.8747268915176392
1.8750478029251099
1.8753362894058228
1.8756085634231567
1.8759255409240723
1.876191258430481
1.8764722347259521
1.8767706155776978
1.8770232200622559
1.8773088455200195
1.8775817155838013
1.8778334856033325
1.8781183958053589
1.8783718347549438
1.878633737564087
1.8789108991622925
1.8791576623916626
1.8794302940368652
1.8796941041946411
1.8799456357955933
1.8802200555801392
1.8804720640182495
1.8807344436645508
1.8809995651245117
1.881247639656067
1.8815147876739502
1.881765604019165
1.8820178508758545
1.8822776079177856
1.8825193643569946
1.882775068283081
1.8830206394195557
1.8832643032073975
1.8835160732269287
1.8837536573410034
1.8840038776397705
1.8842459917068481
1.884487271308899
1.8847354650497437
1.884973406791687
1.8852200508117676
1.8854607343673706
1.885701060295105
1.8859468698501587
1.8861827850341797
1.8864275217056274
1.886662483215332
1.8869006633758545
1.8871370553970337
1.887369155883789
1.8876056671142578
1.8878356218338013
1.8880707025527954
1.8883010149002075
1.8885337114334106
1.888764500617981
1.8889936208724976
1.889223575592041
1.889450192451477
1.8896784782409668
1.8899025917053223
1.8901283740997314
1.890351414680481
1.8905748128890991
1.8907976150512695
1.8910189867019653
1.8912417888641357
1.8914626836776733
1.8916867971420288
1.8919055461883545
1.8921289443969727
1.8923451900482178
1.8925668001174927
1.892781376838684
1.8929998874664307
1.8932141065597534
1.8934288024902344
1.8936436176300049
1.8938548564910889
1.8940693140029907
1.8942782878875732
1.8944910764694214
1.894699215888977
1.8949105739593506
1.8951199054718018
1.8953287601470947
1.8955392837524414
1.8957445621490479
1.8959554433822632
1.8961584568023682
1.8963690996170044
1.896570086479187
1.8967796564102173
1.8969794511795044
1.8971861600875854
1.8973850011825562
1.8975886106491089
1.8977876901626587
1.897987961769104
1.898188829421997
1.8983865976333618
1.8985882997512817
1.8987839221954346
1.8989864587783813
1.899179458618164
1.899383306503296
1.8995736837387085
1.8997776508331299
1.899965763092041
1.9001682996749878
1.9003528356552124
1.9005533456802368
1.9007350206375122
1.9009318351745605
1.9011121988296509
1.901306390762329
1.9014865159988403
1.9016785621643066
1.9018585681915283
1.9020483493804932
1.9022295475006104
1.9024183750152588
1.9026002883911133
1.9027897119522095
1.902971863746643
1.9031628370285034
1.9033437967300415
1.903536319732666
1.9037140607833862
1.9039074182510376
1.9040801525115967
1.904274344444275
1.904442310333252
1.9046363830566406
1.9048023223876953
1.9049949645996094
1.9051614999771118
1.9053514003753662
1.9055198431015015
1.9057044982910156
1.9058769941329956
1.9060559272766113
1.9062310457229614
1.9064043760299683
1.9065823554992676
1.9067494869232178
1.9069325923919678
1.9070935249328613
1.9072825908660889
1.9074376821517944
1.9076321125030518
1.9077814817428589
1.9079798460006714
1.908125638961792
1.9083240032196045
1.9084688425064087
1.9086649417877197
1.9088104963302612
1.9090036153793335
1.909153699874878
1.9093412160873413
1.909496784210205
1.9096778631210327
1.9098390340805054
1.9100126028060913
1.9101792573928833
1.9103460311889648
1.9105167388916016
1.910677433013916
1.9108525514602661
1.9110066890716553
1.9111883640289307
1.9113365411758423
1.9115244150161743
1.911663293838501
1.9118589162826538
1.9119863510131836
1.9121921062469482
1.9123079776763916
1.912522792816162
1.912629246711731
1.9128520488739014
1.9129499197006226
1.9131754636764526
1.9132704734802246
1.9134935140609741
1.9135918617248535
1.913810133934021
1.9139177799224854
1.914129376411438
1.9142504930496216
1.9144517183303833
1.9145853519439697
1.9147752523422241
1.914919137954712
1.9150961637496948
1.9152472019195557
1.9154114723205566
1.91556715965271
1.9157216548919678
1.9158813953399658
1.9160288572311401
1.916190505027771
1.9163358211517334
1.9164977073669434
1.916642189025879
1.916803002357483
1.916947364807129
1.9171069860458374
1.9172505140304565
1.91741144657135
1.917550802230835
1.9177172183990479
1.9178465604782104
1.918023705482483
1.918137550354004
1.918333649635315
1.9184218645095825
1.9186441898345947
1.9186948537826538
1.918948769569397
1.9189479351043701
1.9192434549331665
1.9191609621047974
1.9195276498794556
1.91928231716156
1.9198029041290283
1.9191780090332031
1.9196853637695312
1.919500470161438
1.9195690155029297
1.920095443725586
1.9198603630065918
1.9204537868499756
1.9205530881881714
1.9207226037979126
1.9213602542877197
1.9213048219680786
1.9217942953109741
1.9221059083938599
1.9221161603927612
1.9226070642471313
1.9226322174072266
1.922735333442688
1.9231367111206055
1.9230774641036987
1.9233251810073853
1.923618197441101
1.9236234426498413
1.9239689111709595
1.9241875410079956
1.9242836236953735
1.9246695041656494
1.924833059310913
1.9249910116195679
1.9253480434417725
1.9254472255706787
1.9256196022033691
1.9258990287780762
1.9259461164474487
1.9261175394058228
1.9263114929199219
1.9263360500335693
1.9265037775039673
1.926632046699524
1.926666259765625
1.9268392324447632
1.9269353151321411
1.9270009994506836
1.927180290222168
1.927262783050537
1.9273663759231567
1.9275445938110352
1.9276283979415894
1.9277695417404175
1.9279389381408691
1.9280296564102173
1.9281911849975586
1.9283331632614136
1.9284266233444214
1.9285850524902344
1.9286924600601196
1.9287900924682617
1.9289319515228271
1.9290107488632202
1.9291136264801025
1.9292325973510742
1.9293044805526733
1.9294191598892212
1.929523229598999
1.9296058416366577
1.9297313690185547
1.9298250675201416
1.929926872253418
1.930052638053894
1.9301462173461914
1.9302641153335571
1.9303812980651855
1.9304758310317993
1.9305998086929321
1.9307003021240234
1.930802583694458
1.9309196472167969
1.931011438369751
1.9311200380325317
1.9312244653701782
1.9313178062438965
1.9314289093017578
1.9315251111984253
1.9316250085830688
1.93173348903656
1.9318262338638306
1.9319349527359009
1.9320348501205444
1.9321322441101074
1.9322415590286255
1.9323368072509766
1.9324434995651245
1.9325467348098755
1.932644248008728
1.9327515363693237
1.9328484535217285
1.9329513311386108
1.933053970336914
1.9331499338150024
1.9332563877105713
1.9333534240722656
1.9334566593170166
1.9335576295852661
1.933655023574829
1.9337588548660278
1.9338537454605103
1.933957576751709
1.9340537786483765
1.9341543912887573
1.9342526197433472
1.934348464012146
1.9344483613967896
1.9345425367355347
1.9346420764923096
1.9347368478775024
1.9348337650299072
1.9349303245544434
1.9350248575210571
1.9351248741149902
1.9352176189422607
1.935320258140564
1.9354122877120972
1.935514211654663
1.9356071949005127
1.9357067346572876
1.9358011484146118
1.9358972311019897
1.9359924793243408
1.936086654663086
1.9361838102340698
1.9362767934799194
1.936373233795166
1.9364655017852783
1.9365601539611816
1.9366518259048462
1.9367461204528809
1.9368374347686768
1.9369341135025024
1.937024474143982
1.9371241331100464
1.937212347984314
1.9373135566711426
1.9374009370803833
1.9375001192092896
1.9375892877578735
1.9376848936080933
1.9377765655517578
1.937868595123291
1.9379620552062988
1.9380525350570679
1.9381452798843384
1.9382362365722656
1.9383264780044556
1.9384201765060425
1.93850576877594
1.9386038780212402
1.9386852979660034
1.9387866258621216
1.9388667345046997
1.9389680624008179
1.9390525817871094
1.9391498565673828
1.9392414093017578
1.9393315315246582
1.9394285678863525
1.9395091533660889
1.9396085739135742
1.9396858215332031
1.9397835731506348
1.9398635625839233
1.9399558305740356
1.94004225730896
1.940126895904541
1.9402196407318115
1.9402976036071777
1.9403955936431885
1.9404700994491577
1.9405686855316162
1.9406450986862183
1.9407398700714111
1.940820336341858
1.9409077167510986
1.940993070602417
1.9410719871520996
1.9411636590957642
1.9412370920181274
1.9413337707519531
1.941404938697815
1.941502571105957
1.9415756464004517
1.9416698217391968
1.9417449235916138
1.9418329000473022
1.9419113397598267
1.9419922828674316
1.9420760869979858
1.9421511888504028
1.9422399997711182
1.9423108100891113
1.9424031972885132
1.9424726963043213
1.9425685405731201
1.9426352977752686
1.9427320957183838
1.942797064781189
1.9428926706314087
1.9429585933685303
1.9430509805679321
1.9431194067001343
1.943207025527954
1.9432793855667114
1.9433621168136597
1.9434382915496826
1.9435176849365234
1.9435958862304688
1.9436742067337036
1.9437530040740967
1.9438307285308838
1.9439094066619873
1.9439876079559326
1.9440653324127197
1.944144606590271
1.9442185163497925
1.944301724433899
1.9443691968917847
1.944461703300476
1.9445221424102783
1.944623351097107
1.9446780681610107
1.9447832107543945
1.9448342323303223
1.9449386596679688
1.9449905157089233
1.9450886249542236
1.9451470375061035
1.945235252380371
1.9453039169311523
1.945379614830017
1.9454580545425415
1.9455219507217407
1.9456111192703247
1.945665717124939
1.9457652568817139
1.9458131790161133
1.9459208250045776
1.9459633827209473
1.9460757970809937
1.94611394405365
1.9462276697158813
1.946264624595642
1.9463756084442139
1.9464153051376343
1.946521282196045
1.9465663433074951
1.946664571762085
1.9467180967330933
1.9468077421188354
1.946869969367981
1.9469497203826904
1.947020173072815
1.9470902681350708
1.9471653699874878
1.9472284317016602
1.9473075866699219
1.9473638534545898
1.9474488496780396
1.94749915599823
1.9475936889648438
1.9476377964019775
1.9477440118789673
1.9477760791778564
1.9478936195373535
1.9479098320007324
1.9480408430099487
1.948036551475525
1.948178768157959
1.948158621788025
1.9483078718185425
1.9482777118682861
1.9484320878982544
1.948399305343628
1.948559045791626
1.948530673980713
1.9486885070800781
1.9486768245697021
1.948822021484375
1.9488403797149658
1.9489659070968628
1.9490238428115845
1.9491174221038818
1.9492124319076538
1.9492675065994263
1.9493862390518188
1.9494035243988037
1.949529767036438
1.9495234489440918
1.9496469497680664
1.9496341943740845
